sensor, -0.0273,0.0449,0.1528, 0.0052,0.0027,-0.0091, 0.0000,0.0000,0.0000,0.0000, -13.4048,10.6613,50.2869
sensor, -0.0539,0.0458,0.0662, 0.0073,0.0027,-0.0102, -0.4887,-0.7304,-0.2951,0.3750, -13.4048,10.6613,50.2869
sensor, -0.0519,0.0453,0.0770, 0.0083,0.0006,-0.0123, -0.4885,-0.7305,-0.2952,0.3750, -13.4048,10.6613,50.2869
sensor, -0.0437,0.0347,0.0757, 0.0052,-0.0005,-0.0123, -0.4884,-0.7305,-0.2953,0.3750, -11.3098,10.6613,48.9273
sensor, -0.0147,0.0132,0.0283, 0.0041,0.0006,-0.0123, -0.4883,-0.7305,-0.2953,0.3750, -11.3098,10.6613,48.9273
sensor, -0.0243,-0.0119,0.0201, 0.0041,0.0017,-0.0123, -0.4882,-0.7306,-0.2954,0.3751, -11.3098,10.6613,48.9273
sensor, -0.0328,-0.0221,0.0661, -0.0002,0.0006,-0.0123, -0.4882,-0.7306,-0.2954,0.3751, -11.3098,10.6613,48.9273
sensor, -0.0218,-0.0060,0.0462, -0.0012,-0.0037,-0.0123, -0.4882,-0.7305,-0.2954,0.3751, -11.3098,9.2636,48.9273
sensor, -0.0352,-0.0251,0.0307, -0.0012,-0.0037,-0.0113, -0.4883,-0.7304,-0.2955,0.3751, -11.3098,9.2636,48.9273
sensor, -0.0366,-0.0077,0.0123, -0.0044,-0.0058,-0.0091, -0.4883,-0.7304,-0.2955,0.3751, -11.3098,9.2636,48.9273
sensor, -0.0200,-0.0275,0.0398, -0.0098,-0.0069,-0.0081, -0.4883,-0.7304,-0.2955,0.3750, -11.3098,9.2636,48.9273
sensor, -0.0855,0.0045,0.0494, -0.0119,-0.0079,-0.0049, -0.4884,-0.7304,-0.2955,0.3750, -11.3098,9.2636,48.2468
sensor, -0.0656,0.0276,0.0651, -0.0119,-0.0047,-0.0027, -0.4884,-0.7304,-0.2956,0.3750, -11.3098,9.2636,48.2468
sensor, -0.0810,0.0101,0.0553, -0.0140,-0.0037,-0.0017, -0.4884,-0.7304,-0.2956,0.3750, -11.3098,9.2636,48.2468
sensor, -0.0692,0.0270,0.0281, -0.0172,-0.0047,0.0026, -0.4884,-0.7304,-0.2957,0.3749, -11.3098,9.2636,48.2468
sensor, -0.0853,0.0502,0.0265, -0.0193,-0.0005,0.0037, -0.4884,-0.7304,-0.2957,0.3749, -12.7075,12.0575,50.9659
sensor, -0.0937,0.0398,0.0652, -0.0193,-0.0005,0.0037, -0.4882,-0.7305,-0.2957,0.3748, -12.7075,12.0575,50.9659
sensor, -0.0663,0.0548,0.0402, -0.0193,0.0006,0.0015, -0.4882,-0.7306,-0.2957,0.3748, -12.7075,12.0575,50.9659
sensor, -0.0978,0.0821,0.0170, -0.0204,0.0080,-0.0038, -0.4881,-0.7306,-0.2958,0.3748, -12.7075,10.6613,49.6063
sensor, -0.1130,0.0916,0.0452, -0.0204,0.0080,-0.0038, -0.4879,-0.7308,-0.2959,0.3746, -12.7075,10.6613,49.6063
sensor, -0.1318,0.0652,0.0264, -0.0193,0.0123,-0.0049, -0.4879,-0.7308,-0.2959,0.3746, -12.7075,10.6613,49.6063
sensor, -0.1197,0.1047,0.0165, -0.0172,0.0187,-0.0059, -0.4878,-0.7309,-0.2960,0.3746, -12.7075,10.6613,49.6063
sensor, -0.1557,0.1115,-0.0119, -0.0119,0.0283,-0.0081, -0.4876,-0.7310,-0.2961,0.3745, -10.6125,10.6613,48.9273
sensor, -0.1080,0.0860,-0.0029, -0.0119,0.0283,-0.0081, -0.4875,-0.7311,-0.2961,0.3745, -10.6125,10.6613,48.9273
sensor, -0.1715,0.1362,-0.0086, -0.0076,0.0368,-0.0091, -0.4873,-0.7312,-0.2962,0.3744, -10.6125,10.6613,48.9273
sensor, -0.1845,0.1518,0.0037, -0.0023,0.0475,-0.0102, -0.4871,-0.7313,-0.2962,0.3744, -10.6125,10.6613,48.9273
sensor, -0.2298,0.1320,-0.0161, 0.0030,0.0560,-0.0113, -0.4869,-0.7315,-0.2963,0.3743, -12.0087,10.6613,48.9273
sensor, -0.2472,0.1372,0.0097, 0.0073,0.0624,-0.0113, -0.4866,-0.7316,-0.2963,0.3743, -12.0087,10.6613,48.9273
sensor, -0.2718,0.1718,-0.0072, 0.0147,0.0688,-0.0102, -0.4864,-0.7318,-0.2964,0.3743, -12.0087,10.6613,48.9273
sensor, -0.2805,0.1554,0.0229, 0.0211,0.0773,-0.0059, -0.4861,-0.7320,-0.2964,0.3743, -12.0087,10.6613,48.9273
sensor, -0.2421,0.1456,-0.0359, 0.0243,0.0815,-0.0070, -0.4858,-0.7321,-0.2964,0.3743, -9.9136,11.3602,49.6063
sensor, -0.2377,0.1229,-0.0083, 0.0286,0.0890,-0.0070, -0.4856,-0.7323,-0.2965,0.3744, -9.9136,11.3602,49.6063
sensor, -0.1723,0.0808,-0.0751, 0.0339,0.0911,-0.0059, -0.4853,-0.7324,-0.2965,0.3745, -9.9136,11.3602,49.6063
sensor, -0.1187,0.0399,-0.0582, 0.0371,0.0933,-0.0049, -0.4851,-0.7325,-0.2965,0.3746, -9.9136,11.3602,49.6063
sensor, -0.0865,0.0384,-0.0994, 0.0371,0.0954,-0.0081, -0.4849,-0.7325,-0.2965,0.3747, -12.0087,11.3602,49.6063
sensor, -0.0928,0.0315,-0.0781, 0.0339,0.0975,-0.0081, -0.4847,-0.7326,-0.2964,0.3748, -12.0087,11.3602,49.6063
sensor, -0.1152,0.0078,-0.0912, 0.0329,0.0997,-0.0113, -0.4846,-0.7326,-0.2964,0.3750, -12.0087,11.3602,49.6063
sensor, -0.1563,0.0073,-0.1129, 0.0307,0.1050,-0.0155, -0.4845,-0.7326,-0.2964,0.3751, -12.0087,11.3602,49.6063
sensor, -0.1642,-0.0203,-0.0849, 0.0254,0.1092,-0.0176, -0.4843,-0.7326,-0.2964,0.3752, -13.4048,10.6613,48.9273
sensor, -0.1403,-0.0564,-0.1296, 0.0201,0.1156,-0.0187, -0.4841,-0.7327,-0.2964,0.3754, -13.4048,10.6613,48.9273
sensor, -0.1196,-0.0375,-0.0897, 0.0158,0.1178,-0.0166, -0.4841,-0.7327,-0.2964,0.3755, -13.4048,10.6613,48.9273
sensor, -0.0862,-0.0422,-0.0762, 0.0126,0.1199,-0.0155, -0.4840,-0.7326,-0.2965,0.3757, -13.4048,10.6613,48.9273
sensor, -0.0785,-0.0647,-0.0971, 0.0126,0.1199,-0.0155, -0.4839,-0.7326,-0.2965,0.3759, -12.7075,10.6613,50.2869
sensor, -0.0636,-0.0292,-0.0523, 0.0083,0.1199,-0.0049, -0.4838,-0.7325,-0.2966,0.3760, -12.7075,10.6613,50.2869
sensor, -0.0301,-0.0588,-0.0646, 0.0052,0.1220,0.0005, -0.4837,-0.7324,-0.2967,0.3762, -12.7075,10.6613,50.2869
sensor, -0.0416,-0.0279,-0.0068, 0.0030,0.1220,0.0037, -0.4837,-0.7323,-0.2968,0.3765, -12.7075,10.6613,50.2869
sensor, -0.0212,-0.0337,0.0111, -0.0012,0.1220,0.0079, -0.4836,-0.7322,-0.2969,0.3767, -11.3098,11.3602,48.9273
sensor, 0.0065,-0.0113,0.0246, -0.0023,0.1231,0.0122, -0.4835,-0.7321,-0.2970,0.3769, -11.3098,11.3602,48.9273
sensor, 0.0265,-0.0071,0.0187, -0.0023,0.1274,0.0132, -0.4835,-0.7319,-0.2972,0.3772, -11.3098,11.3602,48.9273
sensor, 0.0745,-0.0105,0.0647, -0.0034,0.1295,0.0122, -0.4834,-0.7318,-0.2973,0.3774, -11.3098,11.3602,48.9273
sensor, 0.1211,0.0292,0.1087, -0.0066,0.1274,0.0100, -0.4833,-0.7316,-0.2975,0.3777, -12.7075,11.3602,49.6063
sensor, 0.1550,0.0689,0.1048, -0.0055,0.1252,0.0100, -0.4832,-0.7314,-0.2977,0.3780, -12.7075,11.3602,49.6063
sensor, 0.1766,0.0618,0.1365, -0.0044,0.1210,0.0100, -0.4831,-0.7313,-0.2980,0.3783, -12.7075,11.3602,49.6063
sensor, 0.2004,0.0827,0.1733, -0.0034,0.1156,0.0122, -0.4830,-0.7311,-0.2982,0.3786, -12.7075,11.3602,49.6063
sensor, 0.1614,0.0872,0.1984, 0.0009,0.1114,0.0111, -0.4828,-0.7309,-0.2985,0.3789, -12.0087,12.0575,49.6063
sensor, 0.1661,0.0834,0.1725, 0.0041,0.1071,0.0100, -0.4826,-0.7308,-0.2987,0.3793, -12.0087,12.0575,49.6063
sensor, 0.1704,0.0632,0.1741, 0.0083,0.1028,0.0122, -0.4825,-0.7306,-0.2989,0.3796, -12.0087,12.0575,49.6063
sensor, 0.1806,0.0531,0.2039, 0.0105,0.0997,0.0111, -0.4824,-0.7304,-0.2991,0.3799, -12.0087,12.0575,49.6063
sensor, 0.1781,0.0333,0.2051, 0.0137,0.0943,0.0068, -0.4823,-0.7303,-0.2993,0.3802, -14.1037,9.9625,48.9273
sensor, 0.1956,0.0390,0.1982, 0.0137,0.0922,0.0037, -0.4822,-0.7301,-0.2995,0.3805, -14.1037,9.9625,48.9273
sensor, 0.2098,0.0112,0.1769, 0.0147,0.0869,0.0015, -0.4821,-0.7299,-0.2997,0.3808, -14.1037,9.9625,48.9273
sensor, 0.2080,-0.0099,0.1764, 0.0169,0.0815,-0.0006, -0.4820,-0.7297,-0.2999,0.3810, -14.1037,9.9625,48.9273
sensor, 0.1884,0.0109,0.2057, 0.0158,0.0784,-0.0038, -0.4820,-0.7296,-0.3001,0.3813, -13.4048,12.0575,50.2869
sensor, 0.2155,0.0308,0.2043, 0.0169,0.0741,-0.0070, -0.4817,-0.7295,-0.3002,0.3816, -13.4048,12.0575,50.2869
sensor, 0.1709,0.0003,0.1434, 0.0169,0.0688,-0.0081, -0.4816,-0.7294,-0.3004,0.3819, -13.4048,12.0575,50.2869
sensor, 0.1732,0.0024,0.2055, 0.0158,0.0688,-0.0091, -0.4815,-0.7292,-0.3005,0.3821, -13.4048,12.0575,50.2869
sensor, 0.1120,0.0099,0.1924, 0.0169,0.0666,-0.0081, -0.4815,-0.7291,-0.3007,0.3823, -11.3098,10.6613,48.2468
sensor, 0.0998,0.0326,0.2186, 0.0158,0.0645,-0.0091, -0.4814,-0.7290,-0.3008,0.3825, -11.3098,10.6613,48.2468
sensor, 0.0883,-0.0032,0.2093, 0.0147,0.0656,-0.0081, -0.4813,-0.7289,-0.3010,0.3827, -11.3098,10.6613,48.2468
sensor, 0.0940,0.0293,0.2099, 0.0137,0.0645,-0.0038, -0.4812,-0.7288,-0.3011,0.3830, -11.3098,10.6613,48.2468
sensor, 0.0520,0.0080,0.2184, 0.0147,0.0656,-0.0017, -0.4811,-0.7286,-0.3013,0.3832, -12.0087,9.2636,50.2869
sensor, 0.0710,0.0583,0.1956, 0.0147,0.0645,-0.0006, -0.4813,-0.7284,-0.3015,0.3833, -12.0087,9.2636,50.2869
sensor, 0.0639,0.0218,0.1748, 0.0158,0.0656,0.0026, -0.4812,-0.7283,-0.3017,0.3835, -12.0087,9.2636,50.2869
sensor, 0.0655,0.0123,0.1838, 0.0147,0.0656,0.0047, -0.4811,-0.7282,-0.3018,0.3837, -12.0087,9.2636,50.2869
sensor, 0.0667,0.0289,0.1746, 0.0169,0.0666,0.0068, -0.4811,-0.7281,-0.3019,0.3839, -12.0087,9.9625,50.2869
sensor, 0.0922,0.0333,0.1152, 0.0169,0.0666,0.0100, -0.4812,-0.7278,-0.3021,0.3840, -12.0087,9.9625,50.2869
sensor, 0.0464,0.0349,0.1337, 0.0179,0.0656,0.0090, -0.4811,-0.7277,-0.3022,0.3842, -12.0087,9.9625,50.2869
sensor, 0.0423,0.0641,0.1411, 0.0201,0.0645,0.0079, -0.4810,-0.7277,-0.3023,0.3844, -12.0087,9.9625,50.2869
sensor, -0.0020,0.0338,0.1165, 0.0201,0.0709,0.0079, -0.4809,-0.7276,-0.3024,0.3846, -12.7075,10.6613,49.6063
sensor, -0.0402,0.0876,0.1182, 0.0222,0.0741,0.0068, -0.4809,-0.7275,-0.3025,0.3847, -12.7075,10.6613,49.6063
sensor, -0.0802,0.0481,0.0972, 0.0243,0.0773,0.0079, -0.4808,-0.7274,-0.3026,0.3850, -12.7075,10.6613,49.6063
sensor, -0.1176,0.0275,0.1054, 0.0254,0.0815,0.0068, -0.4807,-0.7273,-0.3027,0.3851, -12.7075,10.6613,49.6063
sensor, -0.1551,0.0157,0.0903, 0.0296,0.0879,0.0058, -0.4806,-0.7273,-0.3027,0.3853, -12.7075,10.6613,49.6063
sensor, -0.1851,-0.0024,0.0387, 0.0318,0.0954,0.0047, -0.4805,-0.7272,-0.3028,0.3855, -14.1037,9.9625,49.6063
sensor, -0.2235,-0.0109,0.0552, 0.0339,0.1018,0.0037, -0.4805,-0.7271,-0.3028,0.3856, -14.1037,9.9625,49.6063
sensor, -0.2936,-0.0440,-0.0063, 0.0329,0.1103,0.0047, -0.4804,-0.7271,-0.3029,0.3859, -14.1037,9.9625,49.6063
sensor, -0.3084,-0.0638,-0.0118, 0.0339,0.1231,0.0015, -0.4803,-0.7270,-0.3029,0.3861, -14.1037,9.9625,49.6063
sensor, -0.3997,-0.0713,-0.0614, 0.0350,0.1337,-0.0017, -0.4802,-0.7269,-0.3029,0.3863, -12.7075,10.6613,49.6063
sensor, -0.4280,-0.0783,-0.1000, 0.0318,0.1519,-0.0017, -0.4801,-0.7269,-0.3030,0.3865, -12.7075,10.6613,49.6063
sensor, -0.4647,-0.0807,-0.1302, 0.0265,0.1657,-0.0038, -0.4800,-0.7268,-0.3030,0.3867, -12.7075,10.6613,49.6063
sensor, -0.4863,-0.1189,-0.1985, 0.0233,0.1849,-0.0091, -0.4799,-0.7268,-0.3030,0.3869, -12.7075,10.6613,48.9273
sensor, -0.5279,-0.1087,-0.1941, 0.0201,0.2041,-0.0113, -0.4798,-0.7266,-0.3031,0.3872, -12.7075,10.6613,48.9273
sensor, -0.5593,-0.0868,-0.1784, 0.0147,0.2232,-0.0123, -0.4796,-0.7266,-0.3032,0.3874, -12.7075,10.6613,48.9273
sensor, -0.6207,-0.0625,-0.2015, 0.0137,0.2445,-0.0134, -0.4795,-0.7265,-0.3033,0.3877, -12.7075,10.6613,48.9273
sensor, -0.6899,-0.0617,-0.2544, 0.0116,0.2669,-0.0123, -0.4793,-0.7264,-0.3034,0.3881, -14.8026,12.0575,49.6063
sensor, -0.7954,-0.0651,-0.2088, 0.0105,0.2946,-0.0091, -0.4789,-0.7264,-0.3035,0.3885, -14.8026,12.0575,49.6063
sensor, -0.8746,0.0034,-0.1576, 0.0116,0.3223,-0.0081, -0.4786,-0.7263,-0.3036,0.3889, -14.8026,12.0575,49.6063
sensor, -1.0252,-0.0168,-0.2096, 0.0116,0.3532,-0.0059, -0.4783,-0.7262,-0.3039,0.3893, -14.8026,12.0575,49.6063
sensor, -1.1457,-0.0562,-0.1427, 0.0126,0.3905,-0.0006, -0.4780,-0.7260,-0.3041,0.3898, -13.4048,9.9625,49.6063
sensor, -1.3119,-0.0435,-0.1517, 0.0137,0.4352,0.0005, -0.4779,-0.7257,-0.3044,0.3902, -13.4048,9.9625,49.6063
sensor, -1.4706,-0.0426,-0.1224, 0.0126,0.4874,-0.0006, -0.4775,-0.7255,-0.3047,0.3908, -13.4048,9.9625,49.6063
sensor, -1.6373,0.0050,-0.1350, 0.0116,0.5471,-0.0049, -0.4771,-0.7253,-0.3050,0.3915, -13.4048,9.9625,49.6063
sensor, -1.7996,0.0092,-0.1404, 0.0105,0.6110,-0.0059, -0.4766,-0.7250,-0.3054,0.3923, -13.4048,11.3602,49.6063
sensor, -1.9622,-0.0091,-0.1995, 0.0105,0.6845,-0.0081, -0.4761,-0.7247,-0.3059,0.3931, -13.4048,11.3602,49.6063
sensor, -2.0925,0.0890,-0.2209, 0.0105,0.7591,-0.0123, -0.4755,-0.7244,-0.3064,0.3941, -13.4048,11.3602,49.6063
sensor, -2.1686,0.0962,-0.2217, 0.0094,0.8453,-0.0166, -0.4748,-0.7240,-0.3070,0.3952, -13.4048,11.3602,49.6063
sensor, -2.2224,0.1794,-0.2399, 0.0147,0.9359,-0.0198, -0.4740,-0.7236,-0.3077,0.3964, -15.5014,11.3602,49.6063
sensor, -2.2047,0.2399,-0.2606, 0.0190,1.0264,-0.0155, -0.4730,-0.7231,-0.3085,0.3977, -15.5014,11.3602,49.6063
sensor, -2.1258,0.2939,-0.3277, 0.0254,1.1138,-0.0091, -0.4720,-0.7225,-0.3094,0.3993, -15.5014,11.3602,49.6063
sensor, -1.9753,0.3072,-0.3319, 0.0382,1.1948,0.0026, -0.4709,-0.7219,-0.3104,0.4010, -15.5014,11.3602,49.6063
sensor, -1.8173,0.3455,-0.3417, 0.0531,1.2704,0.0175, -0.4698,-0.7211,-0.3115,0.4028, -16.1987,9.9625,48.2468
sensor, -1.6390,0.3082,-0.3784, 0.0723,1.3364,0.0345, -0.4686,-0.7202,-0.3126,0.4049, -16.1987,9.9625,48.2468
sensor, -1.4438,0.2606,-0.3791, 0.0882,1.3940,0.0505, -0.4674,-0.7193,-0.3138,0.4071, -16.1987,9.9625,48.2468
sensor, -1.2487,0.2722,-0.3921, 0.1000,1.4483,0.0676, -0.4661,-0.7182,-0.3150,0.4095, -16.1987,9.9625,48.2468
sensor, -1.1252,0.2247,-0.3630, 0.1127,1.4984,0.0761, -0.4648,-0.7170,-0.3163,0.4121, -18.2953,12.7563,48.2468
sensor, -1.0023,0.1910,-0.3367, 0.1255,1.5410,0.0750, -0.4634,-0.7158,-0.3175,0.4148, -18.2953,12.7563,48.2468
sensor, -0.9514,0.1632,-0.2822, 0.1330,1.5878,0.0708, -0.4621,-0.7144,-0.3188,0.4176, -18.2953,12.7563,48.2468
sensor, -0.9349,0.0645,-0.2218, 0.1373,1.6294,0.0622, -0.4607,-0.7130,-0.3202,0.4205, -18.2953,12.7563,48.2468
sensor, -0.9479,0.0186,-0.0914, 0.1447,1.6709,0.0473, -0.4593,-0.7115,-0.3216,0.4235, -19.6915,12.0575,48.2468
sensor, -1.0004,0.0056,-0.0609, 0.1490,1.7135,0.0356, -0.4578,-0.7099,-0.3231,0.4266, -19.6915,12.0575,48.2468
sensor, -1.0116,-0.0604,-0.0009, 0.1500,1.7561,0.0250, -0.4563,-0.7083,-0.3247,0.4298, -19.6915,12.0575,48.2468
sensor, -1.0174,-0.0750,0.0001, 0.1490,1.7998,0.0132, -0.4547,-0.7066,-0.3263,0.4330, -19.6915,12.0575,48.2468
sensor, -0.8923,-0.1467,0.0790, 0.1436,1.8797,-0.0049, -0.4531,-0.7048,-0.3280,0.4363, -19.6915,12.0575,48.2468
sensor, -0.7668,-0.1423,0.0637, 0.1426,1.9149,-0.0113, -0.4510,-0.7024,-0.3303,0.4406, -21.0876,12.7563,47.5677
sensor, -0.7045,-0.1492,0.0883, 0.1426,1.9468,-0.0145, -0.4488,-0.7000,-0.3326,0.4450, -21.0876,12.7563,47.5677
sensor, -0.6634,-0.1803,0.1143, 0.1351,1.9980,-0.0198, -0.4466,-0.6975,-0.3349,0.4493, -21.0876,12.7563,47.5677
sensor, -0.6866,-0.1510,0.2046, 0.1351,1.9980,-0.0198, -0.4443,-0.6947,-0.3375,0.4540, -21.0876,12.7563,47.5677
sensor, -0.7021,-0.1264,0.1783, 0.1309,2.0533,-0.0294, -0.4420,-0.6921,-0.3399,0.4584, -22.4854,9.9625,45.5276
sensor, -0.6973,-0.0813,0.2098, 0.1277,2.0885,-0.0347, -0.4397,-0.6893,-0.3426,0.4629, -22.4854,9.9625,45.5276
sensor, -0.6346,-0.1098,0.2003, 0.1170,2.1641,-0.0411, -0.4372,-0.6864,-0.3452,0.4674, -24.5804,12.0575,45.5276
sensor, -0.4111,-0.0126,0.4294, 0.1117,2.1993,-0.0464, -0.4344,-0.6832,-0.3481,0.4726, -24.5804,12.0575,45.5276
sensor, -0.3290,0.0359,0.3864, 0.1074,2.2270,-0.0496, -0.4320,-0.6803,-0.3508,0.4770, -24.5804,12.0575,45.5276
sensor, -0.2279,0.0672,0.4343, 0.1064,2.2526,-0.0528, -0.4292,-0.6771,-0.3537,0.4819, -24.5804,12.0575,45.5276
sensor, -0.1699,0.0970,0.4137, 0.1127,2.2941,-0.0539, -0.4264,-0.6738,-0.3566,0.4867, -24.5804,12.0575,45.5276
sensor, -0.0745,0.1031,0.5646, 0.1191,2.3101,-0.0528, -0.4233,-0.6701,-0.3599,0.4922, -24.5804,12.0575,45.5276
sensor, -0.0487,0.0714,0.5771, 0.1277,2.3250,-0.0496, -0.4206,-0.6670,-0.3626,0.4967, -24.5804,12.0575,45.5276
sensor, 0.0264,0.0765,0.5187, 0.1351,2.3367,-0.0443, -0.4177,-0.6635,-0.3656,0.5017, -26.6754,12.7563,46.2082
sensor, 0.1126,0.0981,0.6033, 0.1436,2.3463,-0.0368, -0.4147,-0.6599,-0.3685,0.5066, -26.6754,12.7563,46.2082
sensor, 0.1070,0.0923,0.6321, 0.1500,2.3537,-0.0283, -0.4125,-0.6572,-0.3707,0.5104, -26.6754,12.7563,46.2082
sensor, 0.1708,0.1005,0.6611, 0.1564,2.3601,-0.0209, -0.4100,-0.6542,-0.3731,0.5145, -26.6754,12.7563,46.2082
sensor, 0.1933,0.1082,0.7344, 0.1660,2.3601,-0.0166, -0.4075,-0.6512,-0.3754,0.5186, -28.7704,11.3602,43.4891
sensor, 0.1838,0.1636,0.8452, 0.1735,2.3601,-0.0134, -0.4051,-0.6481,-0.3778,0.5226, -28.7704,11.3602,43.4891
sensor, 0.1037,0.1517,0.8662, 0.1820,2.3591,-0.0113, -0.4025,-0.6451,-0.3801,0.5267, -28.7704,11.3602,43.4891
sensor, 0.0333,0.2073,0.9699, 0.1948,2.3623,-0.0091, -0.3999,-0.6420,-0.3824,0.5308, -28.7704,11.3602,43.4891
sensor, -0.0276,0.1903,1.0166, 0.2054,2.3697,-0.0134, -0.3973,-0.6389,-0.3846,0.5349, -31.5643,11.3602,42.1295
sensor, -0.0548,0.1718,1.0115, 0.2203,2.3815,-0.0155, -0.3947,-0.6356,-0.3870,0.5389, -31.5643,11.3602,42.1295
sensor, -0.0922,0.1664,1.0022, 0.2342,2.3974,-0.0166, -0.3920,-0.6325,-0.3892,0.5430, -31.5643,11.3602,42.1295
sensor, -0.0418,0.1373,0.9699, 0.2502,2.4187,-0.0145, -0.3892,-0.6293,-0.3914,0.5471, -31.5643,11.3602,42.1295
sensor, 0.0555,0.1214,0.8285, 0.2651,2.4326,-0.0134, -0.3864,-0.6260,-0.3935,0.5513, -32.9620,12.7563,40.7700
sensor, 0.1898,0.1059,0.7734, 0.2757,2.4432,-0.0081, -0.3836,-0.6228,-0.3957,0.5554, -32.9620,12.7563,40.7700
sensor, 0.3075,0.0394,0.7074, 0.2843,2.4464,0.0015, -0.3807,-0.6195,-0.3978,0.5595, -32.9620,12.7563,40.7700
sensor, 0.4452,-0.0215,0.7390, 0.2896,2.4390,0.0154, -0.3779,-0.6162,-0.3998,0.5636, -32.9620,12.7563,40.7700
sensor, 0.6148,-0.0795,0.7532, 0.2917,2.4251,0.0303, -0.3750,-0.6128,-0.4018,0.5678, -33.6609,12.0575,38.0524
sensor, 0.8241,-0.1045,0.7778, 0.2896,2.4049,0.0463, -0.3723,-0.6094,-0.4037,0.5718, -33.6609,12.0575,38.0524
sensor, 1.0267,-0.1276,0.8566, 0.2821,2.3761,0.0612, -0.3696,-0.6060,-0.4056,0.5759, -33.6609,12.0575,38.0524
sensor, 1.1815,-0.1224,1.0432, 0.2704,2.3399,0.0761, -0.3669,-0.6026,-0.4074,0.5799, -33.6609,12.0575,38.0524
sensor, 1.3311,-0.1143,1.2432, 0.2566,2.2962,0.0921, -0.3643,-0.5991,-0.4092,0.5838, -37.1521,12.0575,38.7314
sensor, 1.4930,-0.0928,1.2904, 0.2438,2.2462,0.1091, -0.3618,-0.5956,-0.4112,0.5876, -37.1521,12.0575,38.7314
sensor, 1.6342,-0.0304,1.3535, 0.2267,2.1844,0.1208, -0.3593,-0.5921,-0.4129,0.5915, -37.1521,12.0575,38.7314
sensor, 1.7604,-0.0099,1.3444, 0.2139,2.1119,0.1347, -0.3569,-0.5887,-0.4145,0.5951, -37.1521,12.0575,38.7314
sensor, 1.8053,0.0608,1.3645, 0.2033,2.0331,0.1475, -0.3546,-0.5854,-0.4161,0.5987, -37.8510,12.7563,36.0123
sensor, 1.8190,0.0773,1.3959, 0.1980,1.9511,0.1624, -0.3525,-0.5820,-0.4177,0.6021, -37.8510,12.7563,36.0123
sensor, 1.7475,0.1637,1.3902, 0.1990,1.8680,0.1741, -0.3503,-0.5789,-0.4191,0.6054, -37.8510,12.7563,36.0123
sensor, 1.7198,0.2484,1.3225, 0.2065,1.7838,0.1805, -0.3482,-0.5759,-0.4204,0.6086, -37.8510,12.7563,36.0123
sensor, 1.6179,0.3048,1.2692, 0.2171,1.7103,0.1858, -0.3462,-0.5730,-0.4216,0.6116, -37.8510,12.7563,35.3333
sensor, 1.3868,0.3352,1.2299, 0.2321,1.6507,0.1816, -0.3444,-0.5702,-0.4228,0.6144, -37.8510,12.7563,35.3333
sensor, 1.1547,0.3738,1.1956, 0.2480,1.6038,0.1720, -0.3424,-0.5676,-0.4238,0.6173, -37.8510,12.7563,35.3333
sensor, 0.9285,0.3964,1.1182, 0.2683,1.5719,0.1560, -0.3404,-0.5650,-0.4247,0.6201, -37.8510,12.7563,35.3333
sensor, 0.7238,0.3993,1.1154, 0.2853,1.5527,0.1368, -0.3384,-0.5626,-0.4256,0.6228, -39.2471,14.1525,34.6527
sensor, 0.5301,0.3761,1.0691, 0.3002,1.5463,0.1112, -0.3364,-0.5602,-0.4265,0.6253, -39.2471,14.1525,34.6527
sensor, 0.3702,0.3189,0.9623, 0.3173,1.5516,0.0835, -0.3343,-0.5579,-0.4274,0.6280, -39.2471,14.1525,34.6527
sensor, 0.2722,0.3132,0.9624, 0.3354,1.5612,0.0580, -0.3322,-0.5556,-0.4283,0.6306, -39.2471,14.1525,34.6527
sensor, 0.1295,0.3139,1.0671, 0.3471,1.5846,0.0335, -0.3299,-0.5533,-0.4291,0.6332, -37.8510,11.3602,32.6141
sensor, -0.0157,0.2018,1.1290, 0.3567,1.6059,0.0100, -0.3278,-0.5508,-0.4303,0.6356, -37.8510,11.3602,32.6141
sensor, -0.0460,0.1778,1.1526, 0.3652,1.6230,-0.0102, -0.3254,-0.5485,-0.4313,0.6382, -37.8510,11.3602,32.6141
sensor, -0.0543,0.1194,1.0717, 0.3716,1.6400,-0.0240, -0.3229,-0.5461,-0.4323,0.6408, -37.8510,11.3602,32.6141
sensor, -0.0314,0.0580,0.9646, 0.3727,1.6581,-0.0294, -0.3204,-0.5437,-0.4333,0.6434, -42.0410,12.7563,31.2546
sensor, -0.0689,0.0228,0.8827, 0.3748,1.6709,-0.0326, -0.3181,-0.5411,-0.4345,0.6459, -42.0410,12.7563,31.2546
sensor, -0.1125,-0.0136,0.8304, 0.3748,1.6762,-0.0336, -0.3156,-0.5387,-0.4355,0.6485, -42.0410,12.7563,31.2546
sensor, -0.1949,0.0003,0.8449, 0.3727,1.6784,-0.0336, -0.3131,-0.5362,-0.4365,0.6511, -42.0410,12.7563,31.2546
sensor, -0.2542,-0.0269,0.7781, 0.3705,1.6848,-0.0304, -0.3105,-0.5338,-0.4375,0.6536, -42.7399,14.1525,29.2160
sensor, -0.3393,-0.0290,0.7027, 0.3684,1.6944,-0.0304, -0.3081,-0.5312,-0.4386,0.6561, -42.7399,14.1525,29.2160
sensor, -0.4572,-0.0570,0.6763, 0.3673,1.7093,-0.0326, -0.3056,-0.5287,-0.4396,0.6587, -42.7399,14.1525,29.2160
sensor, -0.6021,-0.0645,0.7258, 0.3695,1.7242,-0.0347, -0.3030,-0.5262,-0.4406,0.6612, -42.7399,14.1525,29.2160
sensor, -0.7354,-0.0915,0.8733, 0.3673,1.7402,-0.0400, -0.3004,-0.5236,-0.4416,0.6638, -42.0410,14.1525,29.8950
sensor, -0.7696,-0.1365,0.9780, 0.3631,1.7647,-0.0454, -0.2980,-0.5208,-0.4428,0.6663, -42.0410,14.1525,29.8950
sensor, -0.6289,-0.2484,1.0085, 0.3578,1.8147,-0.0454, -0.2953,-0.5181,-0.4439,0.6689, -42.0410,14.1525,29.8950
sensor, -0.2751,-0.2825,0.9502, 0.3471,1.8744,-0.0454, -0.2926,-0.5152,-0.4450,0.6715, -42.0410,14.1525,29.8950
sensor, 0.5245,-0.2866,0.9985, 0.3120,1.9596,-0.0336, -0.2890,-0.5113,-0.4465,0.6750, -43.4387,12.7563,28.5355
sensor, 0.9744,-0.2993,0.9643, 0.2874,1.9681,-0.0219, -0.2858,-0.5073,-0.4482,0.6783, -43.4387,12.7563,28.5355
sensor, 1.3926,-0.2436,0.9029, 0.2608,1.9436,-0.0081, -0.2825,-0.5034,-0.4496,0.6816, -43.4387,12.7563,28.5355
sensor, 1.6858,-0.2164,0.8377, 0.2395,1.8893,0.0079, -0.2793,-0.4995,-0.4510,0.6849, -43.4387,12.7563,28.5355
sensor, 1.9685,-0.0491,0.8604, 0.2044,1.7221,0.0250, -0.2762,-0.4957,-0.4523,0.6881, -43.4387,14.1525,26.4969
sensor, 1.9563,0.0847,0.8598, 0.1980,1.6155,0.0313, -0.2736,-0.4921,-0.4536,0.6908, -43.4387,14.1525,26.4969
sensor, 1.7804,0.1331,0.9101, 0.1969,1.5026,0.0324, -0.2709,-0.4889,-0.4546,0.6935, -44.1360,14.8514,24.4583
sensor, 1.5247,0.1501,0.9117, 0.2054,1.4057,0.0324, -0.2683,-0.4855,-0.4557,0.6961, -44.1360,14.8514,24.4583
sensor, 0.7937,0.1819,0.7795, 0.2310,1.2757,0.0260, -0.2661,-0.4829,-0.4565,0.6983, -44.1360,14.8514,24.4583
sensor, 0.3934,0.1755,0.7344, 0.2395,1.2363,0.0218, -0.2638,-0.4804,-0.4572,0.7005, -44.1360,14.8514,24.4583
sensor, 0.0456,0.1631,0.6732, 0.2459,1.2278,0.0186, -0.2614,-0.4780,-0.4578,0.7026, -46.9299,14.8514,23.0988
sensor, -0.3513,0.1593,0.6373, 0.2512,1.2374,0.0154, -0.2591,-0.4753,-0.4587,0.7047, -46.9299,14.8514,23.0988
sensor, -1.1648,0.0900,1.0969, 0.2587,1.2949,0.0058, -0.2568,-0.4730,-0.4594,0.7066, -46.9299,14.8514,23.0988
sensor, -1.4341,0.0805,1.3517, 0.2576,1.3418,0.0005, -0.2543,-0.4702,-0.4602,0.7089, -45.5338,12.7563,23.0988
sensor, -1.4672,0.0155,1.4570, 0.2555,1.4153,-0.0059, -0.2519,-0.4672,-0.4614,0.7109, -45.5338,12.7563,23.0988
sensor, -1.3182,-0.0403,1.3198, 0.2523,1.5218,-0.0155, -0.2489,-0.4638,-0.4625,0.7135, -46.9299,12.7563,21.7392
sensor, -0.9209,-0.0932,0.9673, 0.2566,1.6432,-0.0219, -0.2466,-0.4607,-0.4638,0.7154, -46.9299,12.7563,21.7392
sensor, -0.4095,-0.0738,0.6454, 0.2598,1.7412,-0.0272, -0.2443,-0.4580,-0.4646,0.7174, -46.9299,12.7563,21.7392
sensor, 0.0356,-0.1057,0.5764, 0.2534,1.7956,-0.0304, -0.2417,-0.4550,-0.4656,0.7196, -46.9299,12.7563,21.7392
sensor, 0.5138,-0.1346,0.6029, 0.2438,1.8158,-0.0304, -0.2391,-0.4520,-0.4665,0.7218, -46.2326,14.8514,19.7006
sensor, 0.9441,-0.1546,0.6258, 0.2342,1.8062,-0.0230, -0.2366,-0.4488,-0.4675,0.7238, -46.2326,14.8514,19.7006
sensor, 1.3241,-0.1721,0.5068, 0.2214,1.7604,-0.0123, -0.2341,-0.4458,-0.4684,0.7260, -46.2326,14.8514,19.7006
sensor, 1.5725,-0.1440,0.3532, 0.2139,1.6837,-0.0017, -0.2317,-0.4428,-0.4692,0.7281, -46.2326,14.8514,19.7006
sensor, 1.6861,-0.1214,0.2554, 0.2076,1.5836,0.0100, -0.2294,-0.4400,-0.4699,0.7300, -46.9299,14.1525,17.6605
sensor, 1.6673,-0.0636,0.2236, 0.2054,1.4653,0.0218, -0.2275,-0.4374,-0.4709,0.7316, -46.9299,14.1525,17.6605
sensor, 1.4803,0.0047,0.2061, 0.2044,1.3567,0.0313, -0.2255,-0.4350,-0.4714,0.7333, -46.9299,14.1525,17.6605
sensor, 1.0844,-0.0019,0.2938, 0.2044,1.2714,0.0367, -0.2236,-0.4328,-0.4718,0.7349, -46.9299,14.1525,17.6605
sensor, 0.4950,-0.0270,0.5238, 0.2054,1.2033,0.0356, -0.2218,-0.4307,-0.4721,0.7365, -46.9299,12.7563,17.6605
sensor, -0.0120,-0.0675,0.8900, 0.2065,1.1628,0.0260, -0.2204,-0.4285,-0.4732,0.7375, -46.9299,12.7563,17.6605
sensor, -0.4162,-0.0923,1.0520, 0.1969,1.2203,0.0122, -0.2186,-0.4264,-0.4736,0.7390, -46.9299,12.7563,17.6605
sensor, -0.6132,-0.1079,1.1579, 0.1831,1.3098,-0.0070, -0.2168,-0.4241,-0.4742,0.7404, -46.9299,12.7563,17.6605
sensor, -0.7439,-0.1634,1.0791, 0.1735,1.4025,-0.0251, -0.2148,-0.4216,-0.4749,0.7420, -47.6288,14.1525,19.0201
sensor, -0.7486,-0.2521,1.0574, 0.1617,1.4930,-0.0454, -0.2109,-0.4160,-0.4772,0.7448, -47.6288,14.1525,19.0201
sensor, -0.4816,-0.3426,0.9919, 0.1490,1.5687,-0.0645, -0.2087,-0.4130,-0.4781,0.7465, -47.6288,14.1525,19.0201
sensor, -0.1014,-0.3812,0.8474, 0.1373,1.6198,-0.0762, -0.2087,-0.4130,-0.4781,0.7465, -47.6288,14.1525,19.0201
sensor, 0.4465,-0.4254,0.7114, 0.1213,1.6485,-0.0794, -0.2046,-0.4068,-0.4806,0.7495, -48.3276,13.4552,16.3025
sensor, 0.9852,-0.4687,0.4956, 0.1010,1.6411,-0.0762, -0.2025,-0.4038,-0.4815,0.7511, -48.3276,13.4552,16.3025
sensor, 1.4632,-0.4856,0.3943, 0.1010,1.6411,-0.0762, -0.2005,-0.4009,-0.4823,0.7526, -48.3276,13.4552,16.3025
sensor, 1.7913,-0.5133,0.3825, 0.0776,1.5878,-0.0667, -0.2005,-0.4009,-0.4823,0.7526, -48.3276,13.4552,16.3025
sensor, 2.0160,-0.4993,0.3116, 0.0243,1.3780,-0.0347, -0.1973,-0.3957,-0.4841,0.7551, -49.7238,12.7563,14.9429
sensor, 2.1072,-0.4760,0.2468, 0.0030,1.2374,-0.0166, -0.1973,-0.3957,-0.4841,0.7551, -49.7238,12.7563,14.9429
sensor, 2.0714,-0.4152,0.2207, 0.0030,1.2374,-0.0166, -0.1960,-0.3934,-0.4846,0.7563, -49.7238,12.7563,14.9429
sensor, 1.9249,-0.3409,0.2546, -0.0364,0.9902,0.0111, -0.1949,-0.3914,-0.4851,0.7573, -49.7238,12.7563,14.9429
sensor, 1.6068,-0.2622,0.2485, -0.0460,0.8965,0.0154, -0.1932,-0.3879,-0.4861,0.7589, -48.3276,13.4552,11.5433
sensor, 1.1299,-0.2313,0.2696, -0.0534,0.8336,0.0100, -0.1924,-0.3863,-0.4865,0.7597, -48.3276,13.4552,11.5433
sensor, 0.6705,-0.1431,0.4016, -0.0534,0.8336,0.0100, -0.1916,-0.3846,-0.4869,0.7604, -48.3276,13.4552,11.5433
sensor, -0.3523,-0.1150,0.7670, -0.0630,0.8091,-0.0091, -0.1916,-0.3846,-0.4869,0.7604, -48.3276,13.4552,11.5433
sensor, -0.7677,-0.1469,1.0104, -0.0705,0.8422,-0.0209, -0.1906,-0.3828,-0.4875,0.7612, -46.2326,13.4552,11.5433
sensor, -1.0251,-0.1842,1.2131, -0.0705,0.8422,-0.0209, -0.1898,-0.3808,-0.4884,0.7619, -46.2326,13.4552,11.5433
sensor, -1.1232,-0.1926,1.3767, -0.0790,0.9039,-0.0315, -0.1888,-0.3788,-0.4891,0.7627, -46.2326,13.4552,11.5433
sensor, -1.0741,-0.2978,1.3681, -0.0939,1.1010,-0.0485, -0.1863,-0.3739,-0.4909,0.7645, -46.2326,13.4552,11.5433
sensor, -0.7359,-0.2080,1.1948, -0.0992,1.2065,-0.0485, -0.1863,-0.3739,-0.4909,0.7645, -49.0265,14.1525,10.8643
sensor, -0.2223,-0.1194,0.9525, -0.1078,1.2885,-0.0454, -0.1850,-0.3711,-0.4920,0.7655, -49.0265,14.1525,10.8643
sensor, 0.3366,-0.0441,0.7864, -0.1078,1.2885,-0.0454, -0.1836,-0.3684,-0.4929,0.7666, -49.0265,14.1525,10.8643
sensor, 0.8679,-0.0263,0.7579, -0.1291,1.3471,-0.0304, -0.1821,-0.3656,-0.4937,0.7677, -49.0265,14.1525,10.8643
sensor, 1.3350,0.0055,0.7543, -0.1312,1.3194,-0.0219, -0.1807,-0.3629,-0.4945,0.7688, -49.0265,13.4552,9.5047
sensor, 1.7361,0.1047,0.7922, -0.1312,1.2565,-0.0123, -0.1795,-0.3602,-0.4955,0.7698, -49.0265,13.4552,9.5047
sensor, 1.9691,0.1750,0.7557, -0.1312,1.1607,-0.0038, -0.1782,-0.3577,-0.4962,0.7708, -49.0265,13.4552,9.5047
sensor, 2.1569,0.2277,0.7089, -0.1248,1.0392,0.0037, -0.1760,-0.3534,-0.4972,0.7726, -49.0265,13.4552,9.5047
sensor, 2.1494,0.2663,0.6202, -0.1248,1.0392,0.0037, -0.1760,-0.3534,-0.4972,0.7726, -49.0265,14.1525,9.5047
sensor, 1.9542,0.2981,0.5953, -0.1163,0.9039,0.0037, -0.1753,-0.3516,-0.4978,0.7732, -49.0265,14.1525,9.5047
sensor, 1.6256,0.3506,0.6295, -0.0875,0.6589,-0.0006, -0.1745,-0.3501,-0.4981,0.7739, -49.0265,14.1525,9.5047
sensor, 1.1277,0.3557,0.7078, -0.0737,0.5726,-0.0081, -0.1739,-0.3489,-0.4984,0.7744, -49.0265,14.1525,9.5047
sensor, 0.6617,0.3392,0.8285, -0.0620,0.5119,-0.0187, -0.1733,-0.3477,-0.4987,0.7748, -48.3276,14.1525,6.7856
sensor, 0.2593,0.2855,0.9397, -0.0470,0.4874,-0.0304, -0.1721,-0.3456,-0.4995,0.7755, -48.3276,14.1525,6.7856
sensor, -0.1589,0.2667,1.0692, -0.0470,0.4874,-0.0304, -0.1721,-0.3456,-0.4995,0.7755, -48.3276,14.1525,6.7856
sensor, -0.4395,0.2222,1.2108, -0.0332,0.5343,-0.0560, -0.1714,-0.3444,-0.4999,0.7760, -48.3276,14.1525,6.7856
sensor, -0.5951,0.1564,1.3089, -0.0279,0.5918,-0.0656, -0.1704,-0.3429,-0.5005,0.7764, -48.3276,14.1525,6.7856
sensor, -0.4955,0.1459,1.2934, -0.0215,0.7431,-0.0741, -0.1694,-0.3412,-0.5011,0.7770, -48.3276,14.8514,7.4661
sensor, -0.2544,0.1232,1.2263, -0.0151,0.8081,-0.0720, -0.1680,-0.3390,-0.5021,0.7777, -48.3276,14.8514,7.4661
sensor, 0.1275,0.0868,1.1055, -0.0087,0.8411,-0.0645, -0.1654,-0.3350,-0.5034,0.7791, -48.3276,14.8514,7.4661
sensor, 0.5580,0.0365,0.9950, -0.0023,0.8496,-0.0517, -0.1641,-0.3329,-0.5042,0.7798, -49.0265,13.4552,7.4661
sensor, 1.1766,0.0380,0.8524, 0.0094,0.7931,-0.0240, -0.1629,-0.3310,-0.5046,0.7805, -49.0265,13.4552,7.4661
sensor, 1.3900,0.0346,0.8035, 0.0105,0.7239,-0.0113, -0.1617,-0.3293,-0.5050,0.7813, -49.0265,13.4552,7.4661
sensor, 1.5221,-0.0293,0.7655, 0.0105,0.7239,-0.0113, -0.1617,-0.3293,-0.5050,0.7813, -49.0265,13.4552,7.4661
sensor, 1.5767,0.0160,0.7215, 0.0116,0.5385,0.0015, -0.1608,-0.3279,-0.5052,0.7819, -49.0265,12.0575,6.1066
sensor, 1.2690,0.0553,0.6988, 0.0116,0.3692,-0.0049, -0.1601,-0.3266,-0.5058,0.7822, -49.0265,12.0575,6.1066
sensor, 0.9570,0.1024,0.6069, 0.0116,0.3692,-0.0049, -0.1595,-0.3258,-0.5059,0.7826, -49.0265,12.0575,6.1066
sensor, 0.6368,0.1008,0.6538, 0.0169,0.2616,-0.0240, -0.1591,-0.3250,-0.5063,0.7828, -47.6288,12.7563,6.1066
sensor, 0.3088,0.0845,0.7730, 0.0137,0.2381,-0.0347, -0.1582,-0.3239,-0.5067,0.7832, -47.6288,12.7563,6.1066
sensor, -0.2742,0.0774,0.9341, 0.0126,0.2541,-0.0464, -0.1576,-0.3232,-0.5070,0.7834, -49.0265,13.4552,5.4260
sensor, -0.3650,0.0345,0.9314, 0.0126,0.2541,-0.0464, -0.1571,-0.3223,-0.5075,0.7835, -49.0265,13.4552,5.4260
sensor, -0.4476,0.0062,0.9387, 0.0052,0.3330,-0.0464, -0.1571,-0.3223,-0.5075,0.7835, -49.0265,13.4552,5.4260
sensor, -0.4713,0.0146,0.8605, 0.0052,0.3724,-0.0400, -0.1561,-0.3206,-0.5083,0.7839, -48.3276,14.1525,4.0680
sensor, -0.3568,0.0130,0.8452, 0.0030,0.4128,-0.0262, -0.1561,-0.3206,-0.5083,0.7839, -48.3276,14.1525,4.0680
sensor, -0.2222,0.0099,0.8199, 0.0009,0.4384,-0.0102, -0.1554,-0.3197,-0.5086,0.7842, -48.3276,14.1525,4.0680
sensor, -0.0074,0.0280,0.7525, 0.0009,0.4491,0.0068, -0.1548,-0.3188,-0.5088,0.7845, -48.3276,14.1525,4.0680
sensor, 0.1710,0.0384,0.7008, 0.0009,0.4491,0.0068, -0.1542,-0.3178,-0.5090,0.7849, -48.3276,12.7563,4.7470
sensor, 0.4038,0.0239,0.6055, -0.0002,0.4310,0.0356, -0.1538,-0.3168,-0.5094,0.7852, -48.3276,12.7563,4.7470
sensor, 0.5385,0.0341,0.5987, -0.0002,0.4310,0.0356, -0.1532,-0.3159,-0.5095,0.7855, -48.3276,12.7563,4.7470
sensor, 0.6406,0.0186,0.5331, 0.0020,0.4043,0.0452, -0.1528,-0.3151,-0.5096,0.7859, -48.3276,12.7563,4.7470
sensor, 0.7009,-0.0166,0.4811, -0.0012,0.3330,0.0484, -0.1523,-0.3144,-0.5096,0.7863, -49.0265,14.8514,4.7470
sensor, 0.5948,-0.0491,0.5449, -0.0044,0.2999,0.0431, -0.1520,-0.3137,-0.5098,0.7865, -49.0265,14.8514,4.7470
sensor, 0.5158,-0.0395,0.6980, -0.0044,0.2999,0.0431, -0.1517,-0.3131,-0.5098,0.7868, -49.0265,14.8514,4.7470
sensor, 0.3594,-0.0709,0.8049, -0.0098,0.2701,0.0345, -0.1514,-0.3125,-0.5099,0.7870, -49.0265,14.8514,4.7470
sensor, 0.2351,-0.0563,0.9565, -0.0193,0.2456,0.0175, -0.1510,-0.3113,-0.5103,0.7873, -49.7238,14.1525,5.4260
sensor, 0.1476,-0.0635,0.9880, -0.0193,0.2456,0.0175, -0.1510,-0.3113,-0.5103,0.7873, -49.7238,14.1525,5.4260
sensor, 0.1228,-0.0672,0.9896, -0.0289,0.2626,0.0132, -0.1504,-0.3100,-0.5106,0.7878, -49.7238,14.1525,5.4260
sensor, 0.2030,-0.0506,0.9667, -0.0321,0.2754,0.0175, -0.1504,-0.3100,-0.5106,0.7878, -49.7238,14.1525,5.4260
sensor, 0.3432,-0.0545,0.9327, -0.0332,0.2850,0.0250, -0.1500,-0.3086,-0.5111,0.7880, -48.3276,12.7563,5.4260
sensor, 0.4931,-0.0179,0.8856, -0.0353,0.2818,0.0345, -0.1500,-0.3086,-0.5111,0.7880, -48.3276,12.7563,5.4260
sensor, 0.6855,-0.0461,0.7730, -0.0353,0.2818,0.0345, -0.1495,-0.3073,-0.5113,0.7885, -48.3276,12.7563,5.4260
sensor, 0.8736,-0.0173,0.7852, -0.0396,0.2445,0.0495, -0.1495,-0.3073,-0.5113,0.7885, -48.3276,12.7563,5.4260
sensor, 1.0221,0.0066,0.7442, -0.0439,0.2115,0.0548, -0.1493,-0.3068,-0.5113,0.7888, -47.6288,11.3602,5.4260
sensor, 1.1206,0.0431,0.6971, -0.0449,0.1646,0.0580, -0.1494,-0.3063,-0.5116,0.7887, -47.6288,11.3602,5.4260
sensor, 1.1557,0.0180,0.6622, -0.0449,0.1646,0.0580, -0.1493,-0.3059,-0.5116,0.7889, -47.6288,11.3602,5.4260
sensor, 1.1884,0.0107,0.6751, -0.0460,0.0549,0.0484, -0.1494,-0.3057,-0.5115,0.7891, -47.6288,11.3602,5.4260
sensor, 1.0550,0.0909,0.6794, -0.0481,0.0027,0.0377, -0.1497,-0.3055,-0.5116,0.7890, -49.0265,13.4552,3.3875
sensor, 0.9109,0.0839,0.6823, -0.0449,-0.0410,0.0207, -0.1497,-0.3055,-0.5116,0.7890, -49.0265,13.4552,3.3875
sensor, 0.6870,0.0924,0.6469, -0.0449,-0.0410,0.0207, -0.1499,-0.3055,-0.5115,0.7890, -49.0265,13.4552,3.3875
sensor, 0.4945,0.0930,0.6338, -0.0460,-0.1006,-0.0081, -0.1501,-0.3056,-0.5115,0.7889, -49.0265,13.4552,3.3875
sensor, 0.2666,0.0699,0.6705, -0.0460,-0.1006,-0.0081, -0.1507,-0.3058,-0.5121,0.7884, -46.9299,12.7563,4.7470
sensor, 0.0772,0.0985,0.6854, -0.0460,-0.1155,-0.0219, -0.1507,-0.3058,-0.5121,0.7884, -46.9299,12.7563,4.7470
sensor, -0.0862,0.1078,0.6427, -0.0417,-0.1166,-0.0336, -0.1508,-0.3060,-0.5122,0.7882, -46.9299,12.7563,4.7470
sensor, -0.2252,0.0998,0.6228, -0.0343,-0.0974,-0.0379, -0.1510,-0.3061,-0.5123,0.7881, -46.9299,12.7563,4.7470
sensor, -0.2870,0.1093,0.6469, -0.0343,-0.0974,-0.0379, -0.1511,-0.3062,-0.5124,0.7880, -49.0265,13.4552,5.4260
sensor, -0.3248,0.0746,0.6204, -0.0236,-0.0559,-0.0304, -0.1513,-0.3062,-0.5127,0.7877, -49.0265,13.4552,5.4260
sensor, -0.3117,0.0318,0.6282, -0.0225,-0.0346,-0.0240, -0.1513,-0.3062,-0.5128,0.7876, -49.0265,13.4552,5.4260
sensor, -0.2854,0.0248,0.6173, -0.0204,-0.0165,-0.0155, -0.1514,-0.3062,-0.5129,0.7876, -49.0265,13.4552,5.4260
sensor, -0.2099,-0.0146,0.5853, -0.0183,0.0006,-0.0027, -0.1514,-0.3061,-0.5130,0.7875, -49.0265,12.7563,3.3875
sensor, -0.0978,-0.0056,0.5039, -0.0183,0.0070,0.0090, -0.1515,-0.3060,-0.5133,0.7874, -49.0265,12.7563,3.3875
sensor, -0.0095,-0.0384,0.4684, -0.0183,0.0070,0.0090, -0.1515,-0.3059,-0.5134,0.7874, -49.0265,12.7563,3.3875
sensor, 0.1335,-0.0304,0.4415, -0.0268,0.0038,0.0282, -0.1515,-0.3058,-0.5134,0.7874, -49.0265,12.7563,3.3875
sensor, 0.1642,-0.0245,0.3934, -0.0311,-0.0047,0.0356, -0.1516,-0.3057,-0.5133,0.7874, -48.3276,13.4552,4.0680
sensor, 0.2082,-0.0211,0.4174, -0.0385,-0.0356,0.0345, -0.1520,-0.3055,-0.5137,0.7872, -48.3276,13.4552,4.0680
sensor, 0.2262,-0.0064,0.3532, -0.0439,-0.0442,0.0324, -0.1522,-0.3055,-0.5136,0.7872, -48.3276,13.4552,4.0680
sensor, 0.1832,0.0068,0.3830, -0.0428,-0.0537,0.0282, -0.1522,-0.3055,-0.5136,0.7872, -48.3276,13.4552,4.0680
sensor, 0.1318,0.0314,0.3611, -0.0428,-0.0559,0.0218, -0.1527,-0.3055,-0.5140,0.7868, -48.3276,12.7563,4.0680
sensor, 0.0547,0.0036,0.3547, -0.0428,-0.0559,0.0218, -0.1527,-0.3055,-0.5140,0.7868, -48.3276,12.7563,4.0680
sensor, -0.0616,0.0126,0.3623, -0.0449,-0.0559,0.0154, -0.1529,-0.3055,-0.5140,0.7868, -48.3276,12.7563,4.0680
sensor, -0.1246,0.0004,0.4282, -0.0439,-0.0367,0.0068, -0.1531,-0.3055,-0.5141,0.7867, -48.3276,12.7563,4.0680
sensor, -0.2266,-0.0223,0.4893, -0.0439,-0.0367,0.0068, -0.1531,-0.3055,-0.5141,0.7867, -48.3276,12.7563,4.0680
sensor, -0.2203,-0.0319,0.4716, -0.0460,0.0006,0.0037, -0.1533,-0.3054,-0.5141,0.7867, -50.4227,10.6613,4.0680
sensor, -0.1486,-0.0635,0.4413, -0.0470,0.0198,0.0058, -0.1537,-0.3051,-0.5150,0.7862, -50.4227,10.6613,4.0680
sensor, -0.0891,-0.0506,0.3993, -0.0470,0.0198,0.0058, -0.1537,-0.3049,-0.5151,0.7862, -50.4227,10.6613,4.0680
sensor, 0.1778,-0.0913,0.3335, -0.0492,0.0485,0.0068, -0.1538,-0.3047,-0.5152,0.7862, -50.4227,10.6613,4.0680
sensor, 0.3060,-0.0642,0.3639, -0.0534,0.0539,0.0090, -0.1538,-0.3044,-0.5152,0.7862, -49.0265,13.4552,4.0680
sensor, 0.3718,-0.0658,0.3345, -0.0609,0.0496,0.0218, -0.1542,-0.3039,-0.5157,0.7861, -49.0265,13.4552,4.0680
sensor, 0.4578,-0.0156,0.2872, -0.0609,0.0496,0.0218, -0.1543,-0.3037,-0.5157,0.7861, -49.0265,13.4552,4.0680
sensor, 0.5308,0.0101,0.2678, -0.0683,-0.0058,0.0271, -0.1546,-0.3036,-0.5160,0.7860, -49.0265,14.8514,4.7470
sensor, 0.5058,0.0360,0.2583, -0.0683,-0.0058,0.0271, -0.1546,-0.3036,-0.5160,0.7860, -49.0265,14.8514,4.7470
sensor, 0.4289,0.0367,0.2806, -0.0694,-0.0282,0.0250, -0.1549,-0.3035,-0.5159,0.7859, -49.0265,14.8514,4.7470
sensor, 0.3358,0.0272,0.2737, -0.0694,-0.0452,0.0218, -0.1552,-0.3035,-0.5159,0.7859, -48.3276,13.4552,5.4260
sensor, 0.1077,0.0449,0.3232, -0.0705,-0.0580,0.0154, -0.1556,-0.3035,-0.5163,0.7855, -48.3276,13.4552,5.4260
sensor, 0.0241,0.0204,0.3733, -0.0715,-0.0655,-0.0049, -0.1559,-0.3035,-0.5164,0.7854, -48.3276,13.4552,5.4260
sensor, -0.0789,0.0164,0.3692, -0.0726,-0.0516,-0.0102, -0.1561,-0.3035,-0.5165,0.7853, -49.7238,14.8514,4.7470
sensor, -0.1377,0.0416,0.4205, -0.0715,-0.0388,-0.0102, -0.1567,-0.3034,-0.5169,0.7850, -49.7238,14.8514,4.7470
sensor, -0.1723,0.0240,0.4053, -0.0715,-0.0388,-0.0102, -0.1568,-0.3033,-0.5170,0.7849, -49.7238,14.8514,4.7470
sensor, -0.1206,0.0266,0.4086, -0.0652,0.0059,0.0058, -0.1571,-0.3031,-0.5174,0.7847, -47.6288,13.4552,4.0680
sensor, -0.0941,0.0387,0.4191, -0.0652,0.0059,0.0058, -0.1571,-0.3031,-0.5174,0.7847, -47.6288,13.4552,4.0680
sensor, 0.0158,0.0034,0.4002, -0.0641,0.0198,0.0207, -0.1573,-0.3027,-0.5175,0.7847, -47.6288,13.4552,4.0680
sensor, 0.1027,0.0439,0.3797, -0.0641,0.0198,0.0207, -0.1576,-0.3025,-0.5181,0.7844, -49.0265,12.0575,4.7470
sensor, 0.1353,0.0318,0.3526, -0.0609,0.0187,0.0324, -0.1577,-0.3023,-0.5181,0.7844, -49.0265,12.0575,4.7470
sensor, 0.1833,0.0609,0.3398, -0.0609,0.0187,0.0324, -0.1578,-0.3022,-0.5180,0.7845, -49.0265,12.0575,4.7470
sensor, 0.2153,0.0666,0.3468, -0.0577,0.0102,0.0335, -0.1578,-0.3022,-0.5180,0.7845, -49.0265,12.0575,4.7470
sensor, 0.2629,0.0901,0.3189, -0.0588,0.0017,0.0324, -0.1583,-0.3020,-0.5185,0.7842, -49.0265,12.7563,4.7470
sensor, 0.2266,0.1013,0.3626, -0.0566,-0.0186,0.0228, -0.1584,-0.3019,-0.5185,0.7842, -49.0265,12.7563,4.7470
sensor, 0.1503,0.1070,0.3638, -0.0566,-0.0186,0.0228, -0.1585,-0.3019,-0.5185,0.7842, -49.0265,12.7563,4.7470
sensor, 0.0960,0.1501,0.3383, -0.0513,-0.0292,0.0079, -0.1587,-0.3019,-0.5185,0.7841, -49.0265,12.7563,4.7470
sensor, 0.0456,0.1414,0.3848, -0.0513,-0.0292,0.0079, -0.1587,-0.3019,-0.5185,0.7841, -49.0265,13.4552,3.3875
sensor, -0.0120,0.1236,0.3691, -0.0449,-0.0314,0.0037, -0.1589,-0.3018,-0.5189,0.7839, -49.0265,13.4552,3.3875
sensor, -0.0863,0.0775,0.4351, -0.0396,-0.0282,-0.0006, -0.1590,-0.3017,-0.5190,0.7838, -49.0265,13.4552,3.3875
sensor, -0.1661,0.0982,0.4445, -0.0364,-0.0218,-0.0049, -0.1590,-0.3017,-0.5190,0.7838, -49.0265,13.4552,3.3875
sensor, -0.1550,0.0560,0.4459, -0.0236,-0.0037,-0.0059, -0.1590,-0.3015,-0.5191,0.7838, -47.6288,14.1525,4.7470
sensor, -0.1733,0.0492,0.4814, -0.0204,0.0080,-0.0070, -0.1589,-0.3011,-0.5195,0.7837, -47.6288,14.1525,4.7470
sensor, -0.1441,0.0264,0.5058, -0.0204,0.0080,-0.0070, -0.1589,-0.3011,-0.5195,0.7837, -47.6288,14.1525,4.7470
sensor, -0.0896,0.0038,0.4664, -0.0162,0.0198,-0.0049, -0.1589,-0.3009,-0.5197,0.7837, -47.6288,14.1525,4.7470
sensor, -0.0295,-0.0003,0.4468, -0.0151,0.0304,-0.0027, -0.1588,-0.3007,-0.5198,0.7837, -48.3276,14.1525,4.7470
sensor, 0.0577,-0.0418,0.4468, -0.0098,0.0421,-0.0006, -0.1588,-0.3004,-0.5201,0.7836, -48.3276,14.1525,4.7470
sensor, 0.1511,-0.0440,0.3756, -0.0098,0.0421,-0.0006, -0.1588,-0.3002,-0.5202,0.7836, -48.3276,14.1525,4.7470
sensor, 0.2046,-0.0051,0.3793, -0.0108,0.0421,0.0005, -0.1588,-0.3001,-0.5203,0.7836, -48.3276,14.1525,4.7470
sensor, 0.2998,-0.0264,0.4049, -0.0130,0.0368,0.0015, -0.1587,-0.2999,-0.5203,0.7837, -49.7238,12.7563,4.7470
sensor, 0.3143,-0.0229,0.3528, -0.0151,0.0187,0.0026, -0.1590,-0.2997,-0.5208,0.7834, -49.7238,12.7563,4.7470
sensor, 0.3498,-0.0504,0.3147, -0.0151,0.0038,0.0047, -0.1590,-0.2997,-0.5208,0.7834, -49.7238,12.7563,4.7470
sensor, 0.3325,0.0068,0.3290, -0.0172,-0.0122,0.0026, -0.1590,-0.2996,-0.5208,0.7834, -49.7238,12.7563,4.7470
sensor, 0.3211,-0.0066,0.3585, -0.0172,-0.0122,0.0026, -0.1591,-0.2997,-0.5208,0.7833, -47.6288,13.4552,2.0279
sensor, 0.2960,-0.0116,0.3512, -0.0162,-0.0356,-0.0027, -0.1593,-0.2996,-0.5210,0.7832, -47.6288,13.4552,2.0279
sensor, 0.2502,0.0075,0.3103, -0.0151,-0.0420,-0.0081, -0.1594,-0.2997,-0.5210,0.7831, -47.6288,13.4552,2.0279
sensor, 0.1428,0.0077,0.2972, -0.0151,-0.0420,-0.0081, -0.1595,-0.2998,-0.5211,0.7830, -47.6288,13.4552,2.0279
sensor, 0.0901,-0.0110,0.2893, -0.0162,-0.0463,-0.0113, -0.1595,-0.2998,-0.5211,0.7830, -47.6288,13.4552,4.0680
sensor, 0.0747,-0.0205,0.2669, -0.0151,-0.0463,-0.0155, -0.1597,-0.2998,-0.5214,0.7828, -47.6288,13.4552,4.0680
sensor, 0.0566,-0.0502,0.3312, -0.0140,-0.0420,-0.0230, -0.1598,-0.2998,-0.5216,0.7827, -47.6288,13.4552,4.0680
sensor, 0.0201,-0.0947,0.2995, -0.0140,-0.0420,-0.0230, -0.1599,-0.2997,-0.5217,0.7826, -47.6288,13.4552,4.0680
sensor, 0.0031,-0.0682,0.3630, -0.0162,-0.0367,-0.0230, -0.1599,-0.2997,-0.5217,0.7826, -49.7238,13.4552,3.3875
sensor, 0.0007,-0.0574,0.3511, -0.0162,-0.0314,-0.0240, -0.1601,-0.2996,-0.5222,0.7823, -49.7238,13.4552,3.3875
sensor, 0.0120,-0.0695,0.3597, -0.0151,-0.0239,-0.0209, -0.1601,-0.2996,-0.5222,0.7823, -49.7238,13.4552,3.3875
sensor, 0.0848,-0.0669,0.3091, -0.0193,-0.0186,-0.0176, -0.1603,-0.2994,-0.5223,0.7822, -49.7238,13.4552,3.3875
sensor, 0.0929,-0.0541,0.2872, -0.0236,-0.0186,-0.0134, -0.1605,-0.2993,-0.5228,0.7819, -48.3276,13.4552,5.4260
sensor, 0.1161,-0.0289,0.2811, -0.0268,-0.0186,-0.0102, -0.1605,-0.2993,-0.5228,0.7819, -48.3276,13.4552,5.4260
sensor, 0.1445,-0.0411,0.2824, -0.0236,-0.0196,-0.0059, -0.1605,-0.2992,-0.5228,0.7819, -48.3276,13.4552,5.4260
sensor, 0.2053,-0.0026,0.2837, -0.0279,-0.0239,-0.0027, -0.1606,-0.2992,-0.5228,0.7819, -48.3276,13.4552,5.4260
sensor, 0.1715,0.0124,0.3053, -0.0279,-0.0335,-0.0017, -0.1607,-0.2992,-0.5229,0.7818, -48.3276,12.7563,4.0680
sensor, 0.1738,0.0522,0.2750, -0.0289,-0.0399,-0.0017, -0.1610,-0.2992,-0.5232,0.7815, -48.3276,12.7563,4.0680
sensor, 0.1506,0.0472,0.2667, -0.0279,-0.0442,0.0005, -0.1611,-0.2992,-0.5232,0.7815, -48.3276,12.7563,4.0680
sensor, 0.1195,0.0506,0.2613, -0.0279,-0.0484,-0.0006, -0.1612,-0.2993,-0.5233,0.7815, -48.3276,12.7563,4.0680
sensor, 0.0229,0.0682,0.2652, -0.0257,-0.0527,-0.0038, -0.1613,-0.2993,-0.5233,0.7814, -48.3276,12.7563,5.4260
sensor, 0.0214,0.0442,0.2568, -0.0204,-0.0569,-0.0091, -0.1615,-0.2993,-0.5237,0.7811, -48.3276,12.7563,5.4260
sensor, -0.0316,0.0488,0.2704, -0.0193,-0.0601,-0.0123, -0.1615,-0.2993,-0.5237,0.7810, -48.3276,12.7563,5.4260
sensor, -0.0761,0.0434,0.2569, -0.0183,-0.0580,-0.0145, -0.1616,-0.2994,-0.5238,0.7810, -48.3276,12.7563,5.4260
sensor, -0.0767,0.0430,0.2302, -0.0162,-0.0537,-0.0176, -0.1616,-0.2994,-0.5239,0.7809, -49.0265,13.4552,5.4260
sensor, -0.1197,0.0144,0.2503, -0.0151,-0.0505,-0.0209, -0.1618,-0.2993,-0.5243,0.7806, -49.0265,13.4552,5.4260
sensor, -0.1293,0.0035,0.2616, -0.0151,-0.0410,-0.0187, -0.1618,-0.2993,-0.5243,0.7806, -49.0265,13.4552,5.4260
sensor, -0.0781,0.0188,0.3082, -0.0140,-0.0356,-0.0198, -0.1618,-0.2993,-0.5244,0.7805, -49.0265,13.4552,5.4260
sensor, -0.0539,0.0142,0.2957, -0.0130,-0.0122,-0.0070, -0.1618,-0.2992,-0.5245,0.7805, -49.0265,14.1525,4.7470
sensor, -0.0153,0.0218,0.2645, -0.0130,-0.0122,-0.0070, -0.1619,-0.2991,-0.5248,0.7803, -49.0265,14.1525,4.7470
sensor, 0.0208,0.0446,0.2689, -0.0140,-0.0090,-0.0017, -0.1619,-0.2991,-0.5248,0.7803, -49.0265,14.1525,4.7470
sensor, 0.0996,0.0466,0.2187, -0.0140,-0.0058,0.0015, -0.1619,-0.2990,-0.5249,0.7803, -49.0265,14.1525,4.7470
sensor, 0.1313,0.0366,0.1827, -0.0140,-0.0111,0.0058, -0.1620,-0.2990,-0.5249,0.7803, -50.4227,14.1525,4.7470
sensor, 0.0882,0.0597,0.2226, -0.0130,-0.0154,0.0058, -0.1621,-0.2989,-0.5251,0.7801, -50.4227,14.1525,4.7470
sensor, 0.1252,0.0863,0.2100, -0.0140,-0.0218,0.0058, -0.1622,-0.2990,-0.5251,0.7801, -50.4227,14.1525,4.7470
sensor, 0.0844,0.0824,0.2519, -0.0119,-0.0314,0.0015, -0.1622,-0.2990,-0.5251,0.7801, -50.4227,14.1525,4.7470
sensor, 0.0493,0.0898,0.1688, -0.0119,-0.0314,0.0015, -0.1622,-0.2990,-0.5251,0.7801, -47.6288,12.7563,4.0680
sensor, 0.0138,0.0539,0.1547, -0.0076,-0.0324,0.0005, -0.1624,-0.2991,-0.5254,0.7798, -47.6288,12.7563,4.0680
sensor, -0.0498,0.0618,0.1977, -0.0055,-0.0335,-0.0017, -0.1624,-0.2991,-0.5254,0.7798, -47.6288,12.7563,4.0680
sensor, -0.1082,0.0314,0.1998, -0.0023,-0.0314,-0.0027, -0.1625,-0.2990,-0.5258,0.7796, -49.7238,13.4552,5.4260
sensor, -0.1336,0.0288,0.2115, 0.0009,-0.0196,-0.0038, -0.1625,-0.2990,-0.5258,0.7796, -49.7238,13.4552,5.4260
sensor, -0.1372,0.0202,0.1824, 0.0030,-0.0143,-0.0049, -0.1624,-0.2989,-0.5259,0.7796, -49.7238,13.4552,5.4260
sensor, -0.1165,0.0335,0.2039, 0.0052,-0.0069,-0.0059, -0.1624,-0.2989,-0.5259,0.7796, -48.3276,13.4552,5.4260
sensor, -0.1042,0.0125,0.1370, 0.0073,0.0059,-0.0081, -0.1624,-0.2987,-0.5263,0.7794, -48.3276,13.4552,5.4260
sensor, -0.0858,-0.0122,0.1500, 0.0094,0.0155,-0.0059, -0.1624,-0.2987,-0.5263,0.7794, -48.3276,13.4552,5.4260
sensor, -0.0943,-0.0117,0.1639, 0.0105,0.0251,-0.0059, -0.1623,-0.2986,-0.5263,0.7794, -48.3276,13.4552,5.4260
sensor, -0.0346,-0.0488,0.1750, 0.0073,0.0304,-0.0070, -0.1623,-0.2983,-0.5268,0.7792, -48.3276,13.4552,6.7856
sensor, -0.0595,-0.0245,0.1533, 0.0052,0.0368,-0.0049, -0.1623,-0.2983,-0.5268,0.7792, -48.3276,13.4552,6.7856
sensor, -0.0064,-0.0485,0.1191, 0.0009,0.0411,-0.0059, -0.1622,-0.2982,-0.5268,0.7792, -48.3276,13.4552,6.7856
sensor, 0.0106,-0.0416,0.1242, -0.0023,0.0400,-0.0070, -0.1622,-0.2981,-0.5269,0.7793, -48.3276,13.4552,6.7856
sensor, -0.0141,-0.0240,0.1531, -0.0087,0.0400,-0.0081, -0.1621,-0.2978,-0.5272,0.7792, -47.6288,13.4552,2.7084
sensor, -0.0210,-0.0192,0.1407, -0.0087,0.0400,-0.0081, -0.1621,-0.2978,-0.5272,0.7792, -47.6288,13.4552,2.7084
sensor, -0.0182,-0.0308,0.1355, -0.0151,0.0443,-0.0166, -0.1621,-0.2976,-0.5273,0.7792, -47.6288,13.4552,2.7084
sensor, -0.0836,-0.0313,0.1675, -0.0172,0.0475,-0.0166, -0.1620,-0.2975,-0.5273,0.7792, -47.6288,13.4552,2.7084
sensor, -0.0971,-0.0198,0.1785, -0.0172,0.0475,-0.0166, -0.1620,-0.2973,-0.5274,0.7792, -49.0265,14.1525,3.3875
sensor, -0.1216,-0.0016,0.1761, -0.0236,0.0581,-0.0198, -0.1619,-0.2969,-0.5278,0.7792, -49.0265,14.1525,3.3875
sensor, -0.1257,0.0335,0.2133, -0.0247,0.0624,-0.0187, -0.1618,-0.2966,-0.5279,0.7792, -49.0265,14.1525,3.3875
sensor, -0.1434,0.0242,0.2210, -0.0247,0.0688,-0.0166, -0.1618,-0.2966,-0.5279,0.7792, -47.6288,13.4552,4.0680
sensor, -0.1176,0.0135,0.2199, -0.0247,0.0688,-0.0166, -0.1618,-0.2963,-0.5283,0.7791, -47.6288,13.4552,4.0680
sensor, -0.0824,0.0727,0.2696, -0.0215,0.0773,-0.0176, -0.1616,-0.2961,-0.5284,0.7791, -47.6288,13.4552,4.0680
sensor, -0.0687,0.0576,0.2316, -0.0193,0.0869,-0.0155, -0.1615,-0.2959,-0.5285,0.7792, -47.6288,13.4552,4.0680
sensor, -0.0066,0.0421,0.2374, -0.0193,0.0922,-0.0134, -0.1613,-0.2953,-0.5290,0.7791, -47.6288,13.4552,4.0680
sensor, 0.0088,0.0512,0.2287, -0.0162,0.1028,-0.0038, -0.1613,-0.2953,-0.5290,0.7791, -49.0265,12.7563,3.3875
sensor, 0.0856,0.0935,0.1990, -0.0172,0.1039,-0.0027, -0.1610,-0.2948,-0.5291,0.7792, -49.0265,12.7563,3.3875
sensor, 0.1586,0.0772,0.1667, -0.0172,0.1039,-0.0027, -0.1610,-0.2948,-0.5291,0.7792, -49.0265,12.7563,3.3875
sensor, 0.1964,0.0652,0.1647, -0.0151,0.0975,-0.0017, -0.1609,-0.2946,-0.5292,0.7793, -49.0265,12.7563,3.3875
sensor, 0.2452,0.0814,0.1533, -0.0119,0.0922,0.0015, -0.1609,-0.2944,-0.5295,0.7792, -49.0265,13.4552,4.7470
sensor, 0.2662,0.0849,0.1568, -0.0066,0.0752,0.0026, -0.1607,-0.2941,-0.5295,0.7793, -49.0265,13.4552,4.7470
sensor, 0.2705,0.0743,0.1494, -0.0066,0.0752,0.0026, -0.1607,-0.2941,-0.5295,0.7793, -49.0265,13.4552,4.7470
sensor, 0.2280,0.0885,0.1303, -0.0034,0.0645,0.0015, -0.1606,-0.2941,-0.5295,0.7794, -50.4227,14.8514,4.0680
sensor, 0.1659,0.0539,0.1474, 0.0009,0.0485,-0.0017, -0.1605,-0.2939,-0.5296,0.7794, -50.4227,14.8514,4.0680
sensor, 0.1663,0.0359,0.1771, 0.0052,0.0443,-0.0049, -0.1605,-0.2939,-0.5296,0.7794, -50.4227,14.8514,4.0680
sensor, 0.1040,0.0252,0.1550, 0.0052,0.0443,-0.0049, -0.1604,-0.2939,-0.5296,0.7794, -50.4227,14.8514,4.0680
sensor, 0.1222,0.0278,0.1345, 0.0094,0.0475,-0.0113, -0.1603,-0.2938,-0.5296,0.7794, -48.3276,12.7563,4.7470
sensor, 0.0873,-0.0488,0.1976, 0.0094,0.0475,-0.0113, -0.1603,-0.2936,-0.5300,0.7792, -48.3276,12.7563,4.7470
sensor, 0.1295,-0.0841,0.2037, 0.0094,0.0539,-0.0102, -0.1602,-0.2935,-0.5300,0.7792, -48.3276,12.7563,4.7470
sensor, 0.1721,-0.0601,0.2120, 0.0073,0.0592,-0.0123, -0.1602,-0.2934,-0.5301,0.7793, -48.3276,12.7563,4.7470
sensor, 0.1979,-0.0830,0.2110, 0.0041,0.0613,-0.0102, -0.1602,-0.2930,-0.5306,0.7790, -49.0265,12.0575,4.7470
sensor, 0.2632,-0.1278,0.2443, 0.0020,0.0613,-0.0081, -0.1602,-0.2930,-0.5306,0.7790, -49.0265,12.0575,4.7470
sensor, 0.3068,-0.0952,0.2071, -0.0012,0.0581,-0.0027, -0.1602,-0.2929,-0.5307,0.7791, -49.0265,12.0575,4.7470
sensor, 0.3651,-0.0902,0.1825, -0.0119,0.0379,0.0058, -0.1603,-0.2927,-0.5307,0.7791, -49.0265,12.0575,4.7470
sensor, 0.3890,-0.0869,0.1689, -0.0119,0.0379,0.0058, -0.1605,-0.2926,-0.5309,0.7789, -49.7238,13.4552,5.4260
sensor, 0.3789,-0.0581,0.1655, -0.0140,0.0240,0.0079, -0.1606,-0.2926,-0.5309,0.7789, -49.7238,13.4552,5.4260
sensor, 0.3627,-0.0481,0.1343, -0.0162,0.0070,0.0068, -0.1607,-0.2927,-0.5309,0.7789, -49.7238,13.4552,5.4260
sensor, 0.3266,0.0029,0.1400, -0.0183,-0.0069,0.0047, -0.1607,-0.2927,-0.5309,0.7789, -49.7238,13.4552,5.4260
sensor, 0.2536,0.0007,0.1337, -0.0183,-0.0207,0.0026, -0.1608,-0.2928,-0.5309,0.7789, -48.3276,13.4552,4.0680
sensor, 0.1650,0.0447,0.1185, -0.0215,-0.0292,-0.0027, -0.1610,-0.2928,-0.5311,0.7787, -48.3276,13.4552,4.0680
sensor, 0.1096,0.0058,0.1356, -0.0225,-0.0346,-0.0049, -0.1611,-0.2929,-0.5311,0.7786, -48.3276,13.4552,4.0680
sensor, 0.0256,0.0350,0.1373, -0.0236,-0.0399,-0.0091, -0.1611,-0.2929,-0.5311,0.7786, -48.3276,13.4552,4.0680
sensor, -0.0237,0.0258,0.1325, -0.0204,-0.0346,-0.0155, -0.1612,-0.2929,-0.5311,0.7785, -48.3276,13.4552,4.0680
sensor, -0.0808,0.0576,0.1578, -0.0204,-0.0346,-0.0155, -0.1613,-0.2929,-0.5313,0.7784, -48.3276,13.4552,4.0680
sensor, -0.1232,0.0525,0.1822, -0.0183,-0.0324,-0.0145, -0.1613,-0.2929,-0.5315,0.7783, -48.3276,13.4552,4.0680
sensor, -0.1422,0.0532,0.1415, -0.0151,-0.0260,-0.0123, -0.1613,-0.2929,-0.5315,0.7783, -48.3276,13.4552,4.0680
sensor, -0.1562,0.0512,0.1451, -0.0119,-0.0111,-0.0081, -0.1613,-0.2929,-0.5315,0.7783, -48.3276,13.4552,4.0680
sensor, -0.1455,0.0154,0.1718, -0.0119,-0.0111,-0.0081, -0.1614,-0.2928,-0.5317,0.7781, -48.3276,13.4552,4.0680
sensor, -0.1034,0.0300,0.1523, -0.0087,-0.0026,-0.0049, -0.1613,-0.2927,-0.5318,0.7781, -48.3276,13.4552,4.0680
sensor, -0.0789,0.0422,0.1091, -0.0023,0.0112,0.0047, -0.1613,-0.2926,-0.5318,0.7781, -48.3276,13.4552,4.0680
sensor, -0.0160,0.0025,0.1372, -0.0023,0.0112,0.0047, -0.1613,-0.2925,-0.5319,0.7782, -48.3276,13.4552,4.0680
sensor, 0.0370,-0.0403,0.0854, 0.0009,0.0166,0.0132, -0.1612,-0.2925,-0.5318,0.7782, -49.0265,12.7563,4.7470
sensor, 0.0714,0.0431,0.0744, 0.0020,0.0198,0.0164, -0.1613,-0.2923,-0.5321,0.7780, -49.0265,12.7563,4.7470
sensor, 0.1119,0.0427,0.1099, 0.0030,0.0144,0.0186, -0.1613,-0.2923,-0.5321,0.7781, -49.0265,12.7563,4.7470
sensor, 0.0846,0.0200,0.0997, 0.0009,0.0102,0.0143, -0.1613,-0.2923,-0.5321,0.7781, -49.0265,12.7563,3.3875
sensor, 0.0664,-0.0154,0.0511, 0.0041,0.0027,0.0047, -0.1614,-0.2922,-0.5323,0.7780, -49.0265,12.7563,3.3875
sensor, 0.0500,0.0038,0.0960, 0.0030,0.0006,-0.0017, -0.1614,-0.2922,-0.5323,0.7780, -49.0265,12.7563,3.3875
sensor, -0.0503,-0.0104,0.1522, 0.0020,0.0080,-0.0187, -0.1613,-0.2922,-0.5323,0.7779, -49.0265,13.4552,4.0680
sensor, -0.1014,-0.0304,0.0828, 0.0020,0.0080,-0.0187, -0.1613,-0.2920,-0.5327,0.7778, -49.0265,13.4552,4.0680
sensor, -0.1023,-0.0576,0.1262, -0.0002,0.0123,-0.0198, -0.1613,-0.2919,-0.5328,0.7778, -49.0265,13.4552,4.0680
sensor, -0.1086,-0.0551,0.1035, -0.0002,0.0176,-0.0209, -0.1612,-0.2918,-0.5329,0.7778, -49.0265,13.4552,4.0680
sensor, -0.0960,-0.0554,0.0977, -0.0012,0.0240,-0.0166, -0.1612,-0.2918,-0.5329,0.7778, -48.3276,14.1525,4.0680
sensor, -0.0482,-0.0665,0.1371, -0.0023,0.0283,-0.0113, -0.1612,-0.2917,-0.5330,0.7777, -48.3276,14.1525,4.0680
sensor, -0.0215,-0.0517,0.1846, -0.0055,0.0368,0.0026, -0.1612,-0.2916,-0.5331,0.7777, -48.3276,14.1525,4.0680
sensor, 0.0065,-0.0820,0.1151, -0.0108,0.0379,0.0090, -0.1612,-0.2912,-0.5333,0.7777, -49.0265,13.4552,4.0680
sensor, 0.1040,-0.0769,0.1477, -0.0140,0.0379,0.0132, -0.1612,-0.2911,-0.5334,0.7777, -49.0265,13.4552,4.0680
sensor, 0.0916,-0.0415,0.0994, -0.0172,0.0336,0.0154, -0.1612,-0.2910,-0.5334,0.7777, -49.0265,13.4552,4.0680
sensor, 0.1402,-0.0300,0.1419, -0.0225,0.0272,0.0164, -0.1613,-0.2909,-0.5333,0.7777, -49.0265,13.4552,4.0680
sensor, 0.1521,-0.0364,0.1432, -0.0225,0.0272,0.0164, -0.1613,-0.2909,-0.5333,0.7777, -49.0265,12.0575,4.0680
sensor, 0.1502,0.0122,0.1595, -0.0236,0.0240,0.0164, -0.1615,-0.2908,-0.5337,0.7775, -49.0265,12.0575,4.0680
sensor, 0.1752,0.0560,0.1785, -0.0268,0.0176,0.0132, -0.1615,-0.2907,-0.5337,0.7775, -49.0265,12.0575,4.0680
sensor, 0.1211,0.0678,0.1700, -0.0279,0.0048,0.0090, -0.1616,-0.2906,-0.5337,0.7776, -49.0265,12.0575,4.0680
sensor, 0.1352,0.0787,0.1292, -0.0279,0.0048,0.0090, -0.1616,-0.2906,-0.5337,0.7776, -47.6288,12.0575,4.7470
sensor, 0.0747,0.1056,0.1445, -0.0257,0.0017,0.0047, -0.1617,-0.2905,-0.5340,0.7773, -47.6288,12.0575,4.7470
sensor, 0.0581,0.0992,0.1292, -0.0247,-0.0015,0.0037, -0.1617,-0.2905,-0.5340,0.7773, -47.6288,12.0575,4.7470
sensor, 0.0319,0.0960,0.1446, -0.0204,-0.0069,0.0005, -0.1617,-0.2905,-0.5340,0.7773, -47.6288,12.0575,4.7470
sensor, 0.0110,0.1007,0.1606, -0.0119,-0.0037,-0.0006, -0.1618,-0.2904,-0.5342,0.7772, -49.0265,13.4552,4.0680
sensor, 0.0196,0.0834,0.1606, -0.0066,-0.0037,-0.0017, -0.1617,-0.2904,-0.5343,0.7772, -49.0265,13.4552,4.0680
sensor, 0.0071,0.0558,0.1300, -0.0023,-0.0058,0.0005, -0.1617,-0.2904,-0.5343,0.7772, -49.0265,13.4552,4.0680
sensor, 0.0100,0.0787,0.1269, -0.0023,-0.0058,0.0005, -0.1617,-0.2904,-0.5343,0.7772, -49.0265,13.4552,4.0680
sensor, 0.0120,0.0293,0.1599, 0.0030,-0.0005,0.0015, -0.1618,-0.2903,-0.5346,0.7770, -49.0265,12.0575,4.0680
sensor, 0.0852,0.0407,0.1272, 0.0052,0.0017,0.0026, -0.1617,-0.2903,-0.5346,0.7770, -49.0265,12.0575,4.0680
sensor, 0.0293,-0.0060,0.1620, 0.0083,-0.0005,0.0037, -0.1617,-0.2903,-0.5346,0.7770, -49.0265,12.0575,4.0680
sensor, 0.0594,-0.0000,0.1573, 0.0073,0.0006,0.0058, -0.1617,-0.2903,-0.5346,0.7770, -49.0265,12.0575,4.0680
sensor, 0.0902,-0.0077,0.1507, 0.0062,-0.0037,0.0079, -0.1618,-0.2903,-0.5348,0.7769, -47.6288,13.4552,4.7470
sensor, 0.0764,-0.0005,0.1723, 0.0062,-0.0037,0.0079, -0.1618,-0.2903,-0.5348,0.7769, -47.6288,13.4552,4.7470
sensor, 0.0781,-0.0117,0.1410, 0.0062,-0.0090,0.0100, -0.1618,-0.2903,-0.5348,0.7769, -47.6288,13.4552,4.7470
sensor, 0.0459,0.0240,0.0968, 0.0041,-0.0165,0.0143, -0.1619,-0.2902,-0.5350,0.7767, -48.3276,12.7563,3.3875
sensor, 0.0363,0.0087,0.1606, 0.0041,-0.0165,0.0143, -0.1620,-0.2902,-0.5350,0.7767, -48.3276,12.7563,3.3875
sensor, 0.0310,0.0235,0.1100, 0.0041,-0.0207,0.0154, -0.1620,-0.2903,-0.5350,0.7767, -48.3276,12.7563,3.3875
sensor, 0.0079,0.0163,0.1101, 0.0041,-0.0207,0.0154, -0.1620,-0.2903,-0.5350,0.7767, -48.3276,12.7563,3.3875
sensor, -0.0158,0.0130,0.1014, -0.0002,-0.0175,0.0132, -0.1620,-0.2903,-0.5350,0.7767, -48.3276,13.4552,5.4260
sensor, -0.0230,0.0055,0.0146, -0.0002,-0.0175,0.0132, -0.1621,-0.2902,-0.5352,0.7766, -48.3276,13.4552,5.4260
sensor, 0.0013,0.0278,0.0473, -0.0002,-0.0133,0.0090, -0.1622,-0.2903,-0.5351,0.7766, -48.3276,13.4552,5.4260
sensor, -0.0227,0.0173,0.0110, -0.0002,-0.0111,0.0058, -0.1622,-0.2903,-0.5351,0.7766, -48.3276,13.4552,5.4260
sensor, -0.0041,0.0459,0.0613, -0.0002,-0.0079,0.0068, -0.1622,-0.2903,-0.5353,0.7765, -50.4227,14.1525,4.7470
sensor, 0.0125,0.0371,0.0637, -0.0002,-0.0079,0.0068, -0.1622,-0.2903,-0.5353,0.7765, -50.4227,14.1525,4.7470
sensor, 0.0149,0.0333,0.0384, -0.0002,-0.0079,0.0068, -0.1622,-0.2903,-0.5353,0.7765, -50.4227,14.1525,4.7470
sensor, 0.0343,0.0633,0.0600, 0.0009,-0.0058,0.0037, -0.1622,-0.2903,-0.5353,0.7765, -50.4227,14.1525,4.7470
sensor, 0.0602,0.0671,0.0404, 0.0052,-0.0058,0.0015, -0.1622,-0.2903,-0.5353,0.7765, -50.4227,14.8514,4.7470
sensor, 0.1291,0.0267,0.0285, 0.0052,-0.0079,0.0026, -0.1622,-0.2903,-0.5353,0.7764, -50.4227,14.8514,4.7470
sensor, 0.1388,0.0595,0.0311, 0.0052,-0.0079,0.0026, -0.1622,-0.2905,-0.5353,0.7764, -50.4227,14.8514,4.7470
sensor, 0.1940,0.0532,0.0213, 0.0062,-0.0143,0.0005, -0.1622,-0.2906,-0.5352,0.7764, -50.4227,14.8514,4.7470
sensor, 0.2801,0.1037,0.0294, 0.0083,-0.0165,-0.0038, -0.1622,-0.2906,-0.5352,0.7764, -48.3276,12.7563,4.0680
sensor, 0.3251,0.1032,0.0813, 0.0116,-0.0346,-0.0145, -0.1623,-0.2909,-0.5353,0.7762, -48.3276,12.7563,4.0680
sensor, 0.3382,0.0451,0.0821, 0.0137,-0.0452,-0.0198, -0.1623,-0.2911,-0.5352,0.7762, -48.3276,12.7563,4.0680
sensor, 0.3327,0.0666,0.1203, 0.0179,-0.0569,-0.0272, -0.1623,-0.2914,-0.5350,0.7762, -48.3276,12.7563,4.0680
sensor, 0.3353,0.0378,0.1519, 0.0179,-0.0569,-0.0272, -0.1624,-0.2916,-0.5350,0.7761, -49.7238,14.1525,3.3875
sensor, 0.2407,0.0285,0.1117, 0.0233,-0.0729,-0.0326, -0.1624,-0.2916,-0.5350,0.7761, -49.7238,14.1525,3.3875
sensor, 0.1638,0.0059,0.1216, 0.0254,-0.0825,-0.0358, -0.1624,-0.2919,-0.5349,0.7761, -49.7238,14.1525,3.3875
sensor, 0.0383,0.0006,0.1194, 0.0275,-0.0900,-0.0379, -0.1624,-0.2921,-0.5349,0.7760, -49.7238,14.1525,3.3875
sensor, -0.0390,-0.0041,0.1323, 0.0286,-0.0900,-0.0379, -0.1624,-0.2924,-0.5349,0.7759, -47.6288,12.7563,5.4260
sensor, -0.1246,-0.0403,0.0940, 0.0286,-0.0900,-0.0379, -0.1625,-0.2925,-0.5352,0.7756, -47.6288,12.7563,5.4260
sensor, -0.1860,-0.0486,0.0889, 0.0254,-0.0761,-0.0358, -0.1626,-0.2926,-0.5352,0.7756, -47.6288,12.7563,5.4260
sensor, -0.2439,-0.0296,0.0337, 0.0233,-0.0612,-0.0326, -0.1626,-0.2928,-0.5353,0.7754, -47.6288,12.7563,5.4260
sensor, -0.2348,-0.0726,0.0623, 0.0233,-0.0612,-0.0326, -0.1626,-0.2929,-0.5354,0.7753, -49.0265,14.8514,4.7470
sensor, -0.1600,-0.0821,0.0520, 0.0190,-0.0495,-0.0294, -0.1626,-0.2929,-0.5354,0.7753, -49.0265,14.8514,4.7470
sensor, -0.1159,-0.0849,0.0236, 0.0179,-0.0356,-0.0283, -0.1626,-0.2929,-0.5355,0.7753, -49.0265,14.8514,4.7470
sensor, 0.0042,-0.0592,0.0823, 0.0116,-0.0218,-0.0230, -0.1626,-0.2929,-0.5355,0.7752, -49.0265,14.8514,4.7470
sensor, 0.1034,-0.0692,0.0161, 0.0116,-0.0218,-0.0230, -0.1626,-0.2930,-0.5356,0.7752, -49.0265,14.1525,5.4260
sensor, 0.2008,-0.0709,0.0456, 0.0073,-0.0207,-0.0209, -0.1626,-0.2930,-0.5357,0.7751, -49.0265,14.1525,5.4260
sensor, 0.2057,-0.0311,0.0475, 0.0009,-0.0367,-0.0176, -0.1627,-0.2931,-0.5357,0.7750, -49.0265,14.1525,5.4260
sensor, 0.1978,-0.0322,0.0679, 0.0009,-0.0367,-0.0176, -0.1628,-0.2932,-0.5357,0.7749, -49.0265,14.1525,5.4260
sensor, 0.2090,-0.0356,0.1194, 0.0009,-0.0484,-0.0155, -0.1630,-0.2935,-0.5356,0.7749, -49.0265,15.5502,4.7470
sensor, 0.1454,-0.0368,0.1049, -0.0034,-0.0601,-0.0166, -0.1630,-0.2935,-0.5356,0.7749, -49.0265,15.5502,4.7470
sensor, 0.0620,-0.0135,0.0996, -0.0076,-0.0846,-0.0145, -0.1632,-0.2938,-0.5356,0.7747, -49.0265,15.5502,4.7470
sensor, 0.0146,-0.0056,0.1323, -0.0044,-0.0868,-0.0145, -0.1633,-0.2939,-0.5357,0.7746, -49.0265,15.5502,4.7470
sensor, -0.0615,0.0030,0.1288, -0.0044,-0.0868,-0.0145, -0.1633,-0.2939,-0.5357,0.7746, -49.0265,13.4552,4.7470
sensor, -0.1206,0.0038,0.1354, -0.0076,-0.0857,-0.0113, -0.1635,-0.2940,-0.5358,0.7744, -49.0265,13.4552,4.7470
sensor, -0.1947,0.0354,0.1510, -0.0066,-0.0857,-0.0102, -0.1636,-0.2941,-0.5359,0.7743, -49.0265,13.4552,4.7470
sensor, -0.2083,0.0078,0.1476, -0.0034,-0.0729,-0.0038, -0.1637,-0.2942,-0.5359,0.7742, -49.0265,13.4552,4.7470
sensor, -0.2126,0.0373,0.0979, -0.0034,-0.0644,0.0005, -0.1638,-0.2942,-0.5362,0.7740, -49.7238,12.7563,5.4260
sensor, -0.2191,0.0225,0.0996, -0.0012,-0.0537,0.0026, -0.1638,-0.2943,-0.5362,0.7740, -49.7238,12.7563,5.4260
sensor, -0.2216,0.0433,0.1042, 0.0009,-0.0495,0.0058, -0.1638,-0.2943,-0.5362,0.7740, -49.7238,12.7563,5.4260
sensor, -0.2059,0.0128,0.1070, 0.0009,-0.0495,0.0058, -0.1638,-0.2943,-0.5362,0.7740, -49.7238,12.7563,5.4260
sensor, -0.1864,-0.0139,0.0979, 0.0052,-0.0314,0.0111, -0.1639,-0.2943,-0.5363,0.7739, -49.0265,14.1525,4.0680
sensor, -0.1037,-0.0007,0.0683, 0.0052,-0.0271,0.0132, -0.1639,-0.2943,-0.5363,0.7739, -49.0265,14.1525,4.0680
sensor, -0.0645,-0.0137,0.0755, 0.0052,-0.0271,0.0132, -0.1639,-0.2943,-0.5362,0.7740, -49.0265,14.1525,4.0680
sensor, -0.0059,-0.0013,0.0754, 0.0073,-0.0207,0.0132, -0.1639,-0.2943,-0.5362,0.7740, -49.0265,14.1525,4.0680
sensor, 0.0502,-0.0166,0.0584, 0.0062,-0.0175,0.0111, -0.1640,-0.2943,-0.5362,0.7739, -47.6288,13.4552,3.3875
sensor, 0.0960,-0.0220,0.0536, 0.0052,-0.0154,0.0090, -0.1640,-0.2943,-0.5362,0.7739, -47.6288,13.4552,3.3875
sensor, 0.1160,-0.0628,0.0367, 0.0030,-0.0154,0.0068, -0.1640,-0.2943,-0.5362,0.7739, -47.6288,13.4552,3.3875
sensor, 0.1503,-0.0410,0.0331, 0.0041,-0.0143,0.0037, -0.1640,-0.2944,-0.5362,0.7739, -47.6288,13.4552,3.3875
sensor, 0.1281,-0.0705,0.0370, -0.0023,-0.0303,-0.0059, -0.1641,-0.2945,-0.5362,0.7739, -49.0265,13.4552,4.7470
sensor, 0.0962,-0.0317,0.0601, -0.0044,-0.0378,-0.0081, -0.1643,-0.2945,-0.5363,0.7737, -49.0265,13.4552,4.7470
sensor, 0.0574,-0.0196,0.0490, -0.0066,-0.0410,-0.0113, -0.1643,-0.2946,-0.5363,0.7737, -49.0265,13.4552,4.7470
sensor, 0.0146,-0.0466,0.0924, -0.0087,-0.0442,-0.0145, -0.1645,-0.2947,-0.5363,0.7736, -49.0265,13.4552,4.7470
sensor, -0.0348,-0.0582,0.0809, -0.0108,-0.0473,-0.0166, -0.1645,-0.2947,-0.5363,0.7736, -48.3276,12.0575,4.7470
sensor, -0.1208,-0.0708,0.0579, -0.0130,-0.0463,-0.0176, -0.1647,-0.2947,-0.5367,0.7733, -48.3276,12.0575,4.7470
sensor, -0.1460,-0.0106,0.1112, -0.0151,-0.0420,-0.0187, -0.1648,-0.2947,-0.5367,0.7733, -48.3276,12.0575,4.7470
sensor, -0.1868,-0.0356,0.0930, -0.0162,-0.0367,-0.0176, -0.1648,-0.2947,-0.5368,0.7732, -48.3276,12.0575,4.7470
sensor, -0.2110,-0.0238,0.1278, -0.0162,-0.0367,-0.0176, -0.1648,-0.2947,-0.5368,0.7732, -47.6288,12.7563,4.7470
sensor, -0.2454,-0.0059,0.1078, -0.0193,-0.0229,-0.0102, -0.1649,-0.2946,-0.5371,0.7730, -47.6288,12.7563,4.7470
sensor, -0.2142,-0.0021,0.1106, -0.0193,-0.0229,-0.0102, -0.1649,-0.2945,-0.5372,0.7730, -47.6288,12.7563,4.7470
sensor, -0.2209,-0.0101,0.0570, -0.0193,-0.0058,-0.0027, -0.1650,-0.2944,-0.5372,0.7730, -47.6288,12.7563,4.7470
sensor, -0.1755,-0.0027,0.0808, -0.0193,-0.0005,0.0015, -0.1650,-0.2943,-0.5373,0.7730, -49.0265,12.0575,5.4260
sensor, -0.1384,0.0181,0.1264, -0.0193,0.0080,0.0047, -0.1651,-0.2942,-0.5376,0.7728, -49.0265,12.0575,5.4260
sensor, -0.0763,0.0326,0.0953, -0.0193,0.0080,0.0047, -0.1651,-0.2941,-0.5377,0.7728, -49.0265,12.0575,5.4260
sensor, -0.0250,0.0337,0.0868, -0.0162,0.0155,0.0058, -0.1651,-0.2939,-0.5377,0.7728, -49.0265,12.0575,5.4260
sensor, 0.0338,0.0209,0.0665, -0.0151,0.0176,0.0079, -0.1651,-0.2939,-0.5377,0.7728, -49.7238,12.7563,4.0680
sensor, 0.0652,0.0240,-0.0183, -0.0162,0.0155,0.0079, -0.1651,-0.2938,-0.5379,0.7727, -49.7238,12.7563,4.0680
sensor, 0.1137,0.0546,0.0314, -0.0151,0.0091,0.0068, -0.1651,-0.2938,-0.5379,0.7727, -49.7238,12.7563,4.0680
sensor, 0.1648,0.0158,0.0099, -0.0108,0.0038,0.0047, -0.1652,-0.2938,-0.5379,0.7727, -49.7238,12.7563,4.0680
sensor, 0.1975,0.0467,0.0508, -0.0098,-0.0026,0.0037, -0.1652,-0.2938,-0.5379,0.7727, -48.3276,13.4552,4.7470
sensor, 0.1838,0.0444,0.0350, -0.0076,-0.0101,0.0037, -0.1653,-0.2938,-0.5379,0.7726, -48.3276,13.4552,4.7470
sensor, 0.1817,0.0508,0.0770, -0.0076,-0.0101,0.0037, -0.1653,-0.2939,-0.5379,0.7726, -48.3276,13.4552,4.7470
sensor, 0.1498,0.0721,0.0606, -0.0002,-0.0250,0.0015, -0.1654,-0.2940,-0.5379,0.7726, -48.3276,13.4552,4.7470
sensor, 0.0957,0.0544,0.0442, -0.0002,-0.0250,0.0015, -0.1654,-0.2940,-0.5379,0.7726, -48.3276,14.1525,4.7470
sensor, 0.0505,0.0499,0.0582, -0.0002,-0.0324,0.0026, -0.1654,-0.2942,-0.5378,0.7725, -48.3276,14.1525,4.7470
sensor, 0.0257,0.0414,0.0591, 0.0009,-0.0346,0.0026, -0.1655,-0.2943,-0.5378,0.7725, -48.3276,14.1525,4.7470
sensor, -0.0575,0.0414,0.0428, 0.0052,-0.0346,0.0005, -0.1655,-0.2943,-0.5378,0.7725, -48.3276,14.1525,4.7470
sensor, -0.0588,-0.0013,0.0381, 0.0052,-0.0346,0.0005, -0.1655,-0.2944,-0.5377,0.7725, -49.0265,14.8514,4.7470
sensor, -0.0868,0.0098,0.0394, 0.0073,-0.0314,0.0015, -0.1655,-0.2944,-0.5377,0.7725, -49.0265,14.8514,4.7470
sensor, -0.1182,0.0060,0.0325, 0.0073,-0.0229,0.0026, -0.1655,-0.2944,-0.5377,0.7725, -49.0265,14.8514,4.7470
sensor, -0.1086,0.0223,0.0262, 0.0083,-0.0133,0.0015, -0.1655,-0.2944,-0.5377,0.7725, -49.0265,14.8514,4.7470
sensor, -0.1171,0.0047,0.0223, 0.0083,-0.0069,0.0047, -0.1654,-0.2944,-0.5377,0.7725, -46.9299,13.4552,3.3875
sensor, -0.1145,-0.0029,-0.0018, 0.0083,-0.0026,0.0068, -0.1654,-0.2944,-0.5377,0.7725, -46.9299,13.4552,3.3875
sensor, -0.1159,-0.0191,0.0507, 0.0083,-0.0026,0.0068, -0.1654,-0.2944,-0.5378,0.7725, -46.9299,13.4552,3.3875
sensor, -0.0650,-0.0115,0.0120, 0.0073,0.0091,0.0111, -0.1654,-0.2943,-0.5378,0.7725, -46.9299,13.4552,3.3875
sensor, -0.0730,-0.0174,0.0185, 0.0073,0.0091,0.0111, -0.1654,-0.2942,-0.5379,0.7725, -48.3276,13.4552,4.0680
sensor, 0.0188,-0.0023,-0.0174, 0.0062,0.0102,0.0143, -0.1654,-0.2942,-0.5379,0.7725, -48.3276,13.4552,4.0680
sensor, 0.0770,-0.0123,-0.0384, 0.0030,0.0123,0.0154, -0.1654,-0.2942,-0.5379,0.7725, -48.3276,13.4552,4.0680
sensor, 0.0937,-0.0205,-0.0405, 0.0052,0.0144,0.0186, -0.1655,-0.2942,-0.5379,0.7725, -48.3276,13.4552,4.0680
sensor, 0.1945,-0.0727,0.0160, 0.0062,0.0102,0.0186, -0.1655,-0.2942,-0.5379,0.7725, -48.3276,13.4552,4.0680
sensor, 0.2025,-0.0666,0.0638, -0.0023,0.0038,0.0164, -0.1656,-0.2942,-0.5379,0.7724, -47.6288,14.1525,5.4260
sensor, 0.2092,-0.0230,0.0541, -0.0012,-0.0101,0.0058, -0.1657,-0.2943,-0.5379,0.7724, -47.6288,14.1525,5.4260
sensor, 0.1925,-0.0168,0.0754, -0.0012,-0.0154,0.0005, -0.1658,-0.2943,-0.5379,0.7724, -47.6288,14.1525,5.4260
sensor, 0.1612,-0.0582,0.0882, -0.0002,-0.0250,-0.0017, -0.1658,-0.2944,-0.5378,0.7724, -47.6288,14.1525,5.4260
sensor, 0.1070,-0.0450,0.0603, -0.0002,-0.0346,-0.0166, -0.1658,-0.2944,-0.5378,0.7724, -49.7238,12.7563,5.4260
sensor, 0.0421,-0.0277,0.0012, -0.0002,-0.0356,-0.0209, -0.1660,-0.2946,-0.5380,0.7722, -49.7238,12.7563,5.4260
sensor, 0.0091,-0.0552,0.0123, -0.0023,-0.0346,-0.0219, -0.1660,-0.2947,-0.5379,0.7722, -49.7238,12.7563,5.4260
sensor, -0.0150,-0.0158,0.0040, -0.0023,-0.0346,-0.0219, -0.1661,-0.2947,-0.5380,0.7721, -47.6288,13.4552,5.4260
sensor, -0.0661,-0.0949,-0.0155, -0.0034,-0.0260,-0.0262, -0.1661,-0.2948,-0.5379,0.7721, -47.6288,13.4552,5.4260
sensor, -0.0825,-0.0736,0.0148, -0.0034,-0.0218,-0.0262, -0.1661,-0.2948,-0.5379,0.7721, -47.6288,13.4552,5.4260
sensor, -0.0652,-0.0528,0.0285, -0.0055,-0.0196,-0.0230, -0.1661,-0.2948,-0.5380,0.7720, -48.3276,13.4552,4.7470
sensor, -0.0877,-0.0666,-0.0052, -0.0055,-0.0196,-0.0230, -0.1661,-0.2948,-0.5380,0.7720, -48.3276,13.4552,4.7470
sensor, -0.0739,-0.0598,-0.0140, -0.0098,-0.0111,-0.0262, -0.1661,-0.2948,-0.5380,0.7720, -48.3276,13.4552,4.7470
sensor, -0.0355,-0.1050,-0.0422, -0.0087,-0.0090,-0.0262, -0.1662,-0.2948,-0.5381,0.7720, -48.3276,13.4552,4.7470
sensor, -0.0675,-0.1308,-0.0350, -0.0119,-0.0058,-0.0230, -0.1662,-0.2948,-0.5381,0.7720, -48.3276,13.4552,4.7470
sensor, -0.0692,-0.0881,-0.0405, -0.0151,-0.0015,-0.0240, -0.1662,-0.2948,-0.5381,0.7720, -48.3276,13.4552,4.7470
sensor, -0.0529,-0.0635,0.0202, -0.0225,0.0006,-0.0272, -0.1663,-0.2947,-0.5381,0.7720, -49.7238,10.6613,4.7470
sensor, -0.0611,-0.0836,-0.0127, -0.0279,0.0038,-0.0283, -0.1665,-0.2945,-0.5386,0.7716, -49.7238,10.6613,4.7470
sensor, -0.0634,-0.0235,-0.0085, -0.0353,0.0091,-0.0240, -0.1665,-0.2945,-0.5387,0.7716, -49.7238,10.6613,4.7470
sensor, -0.0424,-0.0221,-0.0193, -0.0353,0.0123,-0.0219, -0.1665,-0.2944,-0.5387,0.7716, -48.3276,14.1525,5.4260
sensor, -0.0561,-0.0064,0.0441, -0.0353,0.0123,-0.0219, -0.1665,-0.2943,-0.5387,0.7716, -48.3276,14.1525,5.4260
sensor, -0.0363,0.0166,0.0459, -0.0364,0.0134,-0.0209, -0.1665,-0.2942,-0.5388,0.7716, -48.3276,14.1525,5.4260
sensor, -0.1042,0.0315,0.0613, -0.0343,0.0155,-0.0166, -0.1665,-0.2941,-0.5388,0.7716, -48.3276,14.1525,5.4260
sensor, -0.0750,0.0326,0.0206, -0.0343,0.0155,-0.0166, -0.1665,-0.2941,-0.5388,0.7716, -49.7238,14.1525,4.0680
sensor, -0.0541,0.0556,0.0649, -0.0321,0.0176,-0.0155, -0.1665,-0.2941,-0.5389,0.7716, -49.7238,14.1525,4.0680
sensor, -0.0452,0.0384,0.0385, -0.0311,0.0176,-0.0134, -0.1665,-0.2940,-0.5389,0.7716, -49.7238,14.1525,4.0680
sensor, -0.0322,0.0600,0.0488, -0.0289,0.0187,-0.0123, -0.1665,-0.2939,-0.5390,0.7716, -49.7238,14.1525,4.0680
