sensor, -0.0699,-0.1073,0.0160, 0.0116,-0.0196,-0.0176, 0.0000,0.0000,0.0000,0.0000, 35.4858,-16.5787,33.9737
sensor, -0.0384,-0.1473,0.0101, 0.0126,-0.0207,-0.0186, -0.3674,0.5532,0.6293,0.4037, 35.4858,-16.5787,33.9737
sensor, -0.0647,-0.1128,0.0189, 0.0094,-0.0250,-0.0186, -0.3677,0.5530,0.6293,0.4038, 34.7870,-16.5787,33.9737
sensor, -0.0819,-0.1333,0.0152, 0.0094,-0.0250,-0.0154, -0.3679,0.5527,0.6293,0.4038, 34.7870,-16.5787,33.9737
sensor, -0.1082,-0.1271,0.0383, 0.0083,-0.0250,-0.0101, -0.3682,0.5525,0.6293,0.4039, 34.7870,-16.5787,33.9737
sensor, -0.1479,-0.1563,-0.0083, 0.0083,-0.0207,-0.0101, -0.3685,0.5522,0.6294,0.4039, 34.7870,-16.5787,33.9737
sensor, -0.1249,-0.1487,0.0243, 0.0083,-0.0175,-0.0069, -0.3688,0.5520,0.6294,0.4040, 36.1832,-15.8798,33.2947
sensor, -0.1230,-0.1038,0.0297, 0.0105,-0.0154,-0.0069, -0.3691,0.5517,0.6294,0.4041, 36.1832,-15.8798,33.2947
sensor, -0.1224,-0.1288,-0.0180, 0.0105,-0.0132,-0.0069, -0.3693,0.5515,0.6294,0.4041, 36.1832,-15.8798,33.2947
sensor, -0.0966,-0.1373,0.0205, 0.0094,-0.0122,-0.0059, -0.3696,0.5514,0.6294,0.4041, 36.1832,-15.8798,33.2947
sensor, -0.0651,-0.1242,0.0155, 0.0105,-0.0122,-0.0048, -0.3698,0.5512,0.6294,0.4042, 36.1832,-15.8798,33.2947
sensor, -0.0554,-0.0966,0.0062, 0.0105,-0.0132,-0.0027, -0.3700,0.5510,0.6293,0.4042, 36.1832,-15.8798,33.2947
sensor, -0.0980,-0.1258,0.0334, 0.0105,-0.0122,0.0005, -0.3701,0.5509,0.6294,0.4042, 36.1832,-15.8798,33.2947
sensor, -0.0875,-0.1347,0.0339, 0.0116,-0.0122,0.0048, -0.3703,0.5507,0.6294,0.4043, 34.7870,-15.1810,35.3333
sensor, -0.0991,-0.0984,0.0232, 0.0116,-0.0101,0.0059, -0.3705,0.5506,0.6294,0.4043, 34.7870,-15.1810,35.3333
sensor, -0.0472,-0.1200,0.0393, 0.0116,-0.0101,0.0059, -0.3706,0.5505,0.6294,0.4044, 34.7870,-15.1810,35.3333
sensor, -0.0498,-0.1013,0.0321, 0.0094,-0.0068,0.0101, -0.3707,0.5503,0.6294,0.4044, 34.7870,-15.1810,35.3333
sensor, -0.0430,-0.1134,0.0405, 0.0073,-0.0079,0.0101, -0.3709,0.5501,0.6295,0.4044, 37.5809,-16.5787,34.6527
sensor, -0.0458,-0.1244,0.0073, 0.0073,-0.0079,0.0101, -0.3709,0.5501,0.6295,0.4044, 37.5809,-16.5787,34.6527
sensor, -0.0318,-0.1066,0.0232, 0.0073,-0.0047,0.0091, -0.3711,0.5500,0.6295,0.4044, 37.5809,-16.5787,34.6527
sensor, -0.0392,-0.1087,0.0313, 0.0073,-0.0058,0.0069, -0.3712,0.5499,0.6295,0.4045, 37.5809,-16.5787,34.6527
sensor, 0.0097,-0.1267,0.0092, 0.0052,-0.0101,0.0091, -0.3713,0.5498,0.6295,0.4045, 36.1832,-17.2760,34.6527
sensor, -0.0118,-0.0872,0.0529, 0.0030,-0.0090,0.0080, -0.3714,0.5497,0.6296,0.4044, 36.1832,-17.2760,34.6527
sensor, -0.0054,-0.1069,0.0218, 0.0020,-0.0090,0.0091, -0.3714,0.5496,0.6296,0.4045, 36.1832,-17.2760,34.6527
sensor, -0.0278,-0.0835,0.0166, 0.0020,-0.0079,0.0101, -0.3715,0.5495,0.6297,0.4045, 36.1832,-17.2760,34.6527
sensor, -0.0597,-0.1029,0.0056, -0.0002,-0.0090,0.0101, -0.3716,0.5494,0.6297,0.4045, 35.4858,-15.1810,34.6527
sensor, -0.0371,-0.0978,0.0117, 0.0009,-0.0047,0.0101, -0.3716,0.5493,0.6297,0.4045, 35.4858,-15.1810,34.6527
sensor, -0.0480,-0.0802,0.0052, -0.0002,-0.0026,0.0080, -0.3717,0.5493,0.6297,0.4045, 35.4858,-15.1810,34.6527
sensor, -0.0232,-0.0618,-0.0037, -0.0044,-0.0037,0.0091, -0.3718,0.5492,0.6297,0.4045, 35.4858,-15.1810,34.6527
sensor, -0.0210,-0.0900,-0.0122, -0.0055,-0.0058,0.0080, -0.3719,0.5492,0.6297,0.4045, 34.7870,-15.1810,34.6527
sensor, -0.0328,-0.0735,-0.0008, -0.0066,-0.0026,0.0091, -0.3719,0.5491,0.6297,0.4045, 34.7870,-15.1810,34.6527
sensor, -0.0841,-0.0901,0.0153, -0.0087,-0.0037,0.0069, -0.3720,0.5491,0.6297,0.4045, 34.7870,-15.1810,34.6527
sensor, -0.0821,-0.0372,-0.0032, -0.0087,0.0027,0.0048, -0.3721,0.5490,0.6298,0.4045, 34.7870,-15.1810,34.6527
sensor, -0.0614,-0.0171,0.0113, -0.0066,0.0091,0.0048, -0.3722,0.5489,0.6298,0.4044, 37.5809,-15.1810,33.9737
sensor, -0.0480,-0.0219,-0.0181, -0.0066,0.0091,0.0048, -0.3721,0.5490,0.6297,0.4045, 37.5809,-15.1810,33.9737
sensor, -0.0045,-0.0436,0.0310, -0.0066,0.0081,0.0005, -0.3722,0.5489,0.6297,0.4045, 37.5809,-15.1810,33.9737
sensor, 0.0236,-0.0514,0.0154, -0.0076,0.0070,-0.0005, -0.3722,0.5489,0.6297,0.4045, 37.5809,-15.1810,33.9737
sensor, 0.0298,-0.0228,0.0010, -0.0066,0.0027,-0.0016, -0.3723,0.5489,0.6298,0.4045, 36.1832,-15.1810,33.9737
sensor, -0.0063,-0.0471,-0.0032, -0.0066,0.0006,-0.0005, -0.3722,0.5489,0.6297,0.4045, 36.1832,-15.1810,33.9737
sensor, -0.0140,-0.0377,0.0306, -0.0066,0.0006,0.0037, -0.3723,0.5488,0.6297,0.4045, 36.1832,-15.1810,33.9737
sensor, -0.0350,-0.0258,0.0245, -0.0023,0.0017,0.0037, -0.3723,0.5488,0.6297,0.4045, 36.1832,-15.1810,33.9737
sensor, 0.0123,-0.0220,-0.0061, -0.0023,0.0038,0.0048, -0.3723,0.5488,0.6298,0.4045, 36.1832,-15.8798,33.9737
sensor, 0.0400,-0.0302,0.0200, -0.0034,0.0017,0.0059, -0.3723,0.5488,0.6297,0.4045, 36.1832,-15.8798,33.9737
sensor, 0.0360,-0.0377,0.0024, -0.0012,-0.0026,0.0059, -0.3723,0.5488,0.6298,0.4045, 36.1832,-15.8798,33.9737
sensor, 0.0011,-0.0084,0.0116, 0.0009,-0.0058,0.0080, -0.3723,0.5488,0.6298,0.4045, 36.1832,-15.8798,33.9737
sensor, 0.0133,-0.0095,0.0672, -0.0012,-0.0058,0.0080, -0.3723,0.5488,0.6298,0.4045, 35.4858,-17.2760,33.9737
sensor, 0.0052,0.0045,0.0302, 0.0020,-0.0068,0.0059, -0.3723,0.5487,0.6299,0.4045, 35.4858,-17.2760,33.9737
sensor, 0.0217,0.0128,0.0270, 0.0052,-0.0047,0.0101, -0.3723,0.5487,0.6299,0.4045, 35.4858,-17.2760,33.9737
sensor, 0.0247,0.0252,0.0324, 0.0083,-0.0015,0.0122, -0.3722,0.5487,0.6299,0.4045, 35.4858,-17.2760,33.9737
sensor, -0.0163,0.0077,0.0289, 0.0083,-0.0047,0.0122, -0.3722,0.5487,0.6299,0.4045, 34.7870,-16.5787,33.2947
sensor, -0.0276,0.0235,0.0343, 0.0147,-0.0090,0.0122, -0.3721,0.5487,0.6300,0.4044, 34.7870,-16.5787,33.2947
sensor, -0.0184,0.0166,0.0025, 0.0147,-0.0068,0.0122, -0.3721,0.5487,0.6300,0.4045, 34.7870,-16.5787,33.2947
sensor, -0.0370,0.0396,0.0065, 0.0179,-0.0047,0.0112, -0.3720,0.5488,0.6300,0.4045, 34.7870,-16.5787,33.2947
sensor, -0.0043,0.0247,-0.0082, 0.0201,-0.0047,0.0080, -0.3720,0.5488,0.6300,0.4045, 35.4858,-17.2760,34.6527
sensor, -0.0194,0.0116,0.0363, 0.0211,-0.0026,0.0069, -0.3720,0.5488,0.6300,0.4043, 35.4858,-17.2760,34.6527
sensor, -0.0184,0.0123,0.0178, 0.0222,-0.0026,0.0037, -0.3720,0.5488,0.6300,0.4043, 35.4858,-17.2760,34.6527
sensor, -0.0301,-0.0148,-0.0126, 0.0190,-0.0015,0.0037, -0.3720,0.5488,0.6300,0.4043, 35.4858,-17.2760,34.6527
sensor, -0.0399,-0.0315,-0.0212, 0.0201,-0.0015,0.0048, -0.3720,0.5488,0.6300,0.4043, 36.1832,-14.4821,33.9737
sensor, -0.0233,-0.0349,-0.0012, 0.0190,-0.0015,0.0091, -0.3718,0.5490,0.6299,0.4045, 36.1832,-14.4821,33.9737
sensor, -0.0192,-0.0537,-0.0145, 0.0190,-0.0037,0.0144, -0.3718,0.5490,0.6299,0.4045, 36.1832,-14.4821,33.9737
sensor, 0.0265,-0.0748,-0.0126, 0.0179,-0.0015,0.0144, -0.3718,0.5490,0.6298,0.4045, 36.1832,-14.4821,33.9737
sensor, 0.0188,-0.0558,-0.0256, 0.0147,-0.0037,0.0154, -0.3718,0.5490,0.6298,0.4045, 36.8820,-15.8798,31.9351
sensor, 0.0067,-0.0252,0.0121, 0.0137,-0.0037,0.0133, -0.3718,0.5491,0.6298,0.4046, 36.8820,-15.8798,31.9351
sensor, 0.0135,-0.0189,-0.0144, 0.0105,-0.0047,0.0101, -0.3717,0.5491,0.6298,0.4046, 36.8820,-15.8798,31.9351
sensor, 0.0318,-0.0225,-0.0130, 0.0094,-0.0079,0.0091, -0.3717,0.5491,0.6298,0.4046, 36.8820,-15.8798,31.9351
sensor, -0.0046,-0.0191,-0.0173, 0.0073,-0.0090,0.0080, -0.3717,0.5491,0.6298,0.4046, 35.4858,-16.5787,34.6527
sensor, -0.0370,-0.0545,0.0271, 0.0083,-0.0079,0.0069, -0.3717,0.5491,0.6298,0.4046, 35.4858,-16.5787,34.6527
sensor, -0.0353,-0.0104,-0.0128, 0.0041,-0.0068,0.0059, -0.3717,0.5491,0.6298,0.4046, 35.4858,-16.5787,34.6527
sensor, -0.0384,-0.0814,-0.0389, 0.0020,-0.0058,0.0080, -0.3717,0.5491,0.6298,0.4046, 35.4858,-16.5787,34.6527
sensor, -0.0257,-0.0300,-0.0367, 0.0009,-0.0047,0.0080, -0.3717,0.5491,0.6298,0.4046, 36.1832,-14.4821,31.9351
sensor, -0.0271,-0.0282,-0.0197, -0.0002,-0.0058,0.0048, -0.3715,0.5492,0.6297,0.4048, 36.1832,-14.4821,31.9351
sensor, -0.0535,-0.0050,0.0185, -0.0002,-0.0047,-0.0005, -0.3715,0.5492,0.6297,0.4048, 36.1832,-14.4821,31.9351
sensor, -0.0487,-0.0199,-0.0217, 0.0009,-0.0005,-0.0048, -0.3716,0.5492,0.6297,0.4048, 36.1832,-14.4821,31.9351
sensor, -0.0549,-0.0064,0.0039, 0.0030,0.0027,-0.0048, -0.3716,0.5492,0.6297,0.4048, 36.1832,-15.8798,33.2947
sensor, -0.0675,0.0170,0.0088, 0.0030,0.0027,-0.0048, -0.3716,0.5492,0.6296,0.4048, 36.1832,-15.8798,33.2947
sensor, -0.0443,-0.0208,0.0026, 0.0030,0.0027,-0.0069, -0.3716,0.5492,0.6296,0.4048, 36.1832,-15.8798,33.2947
sensor, -0.0540,0.0021,0.0039, 0.0030,0.0081,-0.0112, -0.3717,0.5492,0.6296,0.4048, 36.1832,-15.8798,33.2947
sensor, -0.0396,-0.0168,0.0431, 0.0052,0.0070,-0.0091, -0.3717,0.5491,0.6296,0.4048, 35.4858,-16.5787,33.2947
sensor, -0.0183,-0.0229,0.0215, 0.0073,0.0049,-0.0069, -0.3718,0.5491,0.6296,0.4048, 35.4858,-16.5787,33.2947
sensor, -0.0029,-0.0692,-0.0146, 0.0062,0.0049,-0.0016, -0.3718,0.5491,0.6296,0.4048, 35.4858,-16.5787,33.2947
sensor, 0.0018,-0.0571,0.0054, 0.0083,0.0017,0.0027, -0.3719,0.5491,0.6296,0.4047, 35.4858,-16.5787,33.2947
sensor, 0.0022,-0.0454,0.0147, 0.0083,0.0006,0.0069, -0.3719,0.5491,0.6296,0.4047, 36.1832,-15.8798,31.9351
sensor, -0.0179,-0.0723,-0.0048, 0.0073,0.0006,0.0112, -0.3719,0.5491,0.6296,0.4048, 36.1832,-15.8798,31.9351
sensor, -0.0133,-0.0510,0.0256, 0.0041,-0.0005,0.0154, -0.3719,0.5491,0.6296,0.4048, 36.1832,-15.8798,31.9351
sensor, -0.0298,-0.0284,-0.0204, 0.0041,0.0038,0.0144, -0.3718,0.5491,0.6296,0.4048, 36.1832,-15.8798,31.9351
sensor, 0.0032,-0.0234,-0.0021, 0.0041,0.0038,0.0122, -0.3718,0.5491,0.6296,0.4048, 36.1832,-15.8798,33.2947
sensor, 0.0172,-0.0188,0.0516, 0.0052,0.0038,0.0122, -0.3718,0.5492,0.6295,0.4048, 36.1832,-15.8798,33.2947
sensor, 0.0421,0.0142,0.0117, 0.0052,0.0049,0.0080, -0.3717,0.5492,0.6295,0.4048, 36.1832,-15.8798,33.2947
sensor, 0.0257,0.0236,0.0062, 0.0041,0.0038,0.0037, -0.3717,0.5492,0.6295,0.4048, 36.1832,-15.8798,33.2947
sensor, 0.0622,0.0776,-0.0170, 0.0073,0.0027,0.0016, -0.3717,0.5493,0.6295,0.4048, 35.4858,-15.8798,34.6527
sensor, 0.0279,0.0277,0.0218, 0.0083,0.0038,-0.0016, -0.3716,0.5493,0.6295,0.4049, 35.4858,-15.8798,34.6527
sensor, 0.0284,0.0466,0.0364, 0.0083,0.0017,-0.0059, -0.3716,0.5493,0.6295,0.4049, 35.4858,-15.8798,34.6527
sensor, 0.0662,0.0462,-0.0163, 0.0094,-0.0005,-0.0069, -0.3716,0.5494,0.6295,0.4049, 35.4858,-15.8798,34.6527
sensor, 0.0136,0.0687,0.0160, 0.0083,-0.0005,-0.0091, -0.3716,0.5494,0.6295,0.4049, 36.1832,-15.8798,33.2947
sensor, 0.0102,0.0464,0.0209, 0.0094,0.0006,-0.0112, -0.3715,0.5494,0.6294,0.4049, 36.1832,-15.8798,33.2947
sensor, -0.0161,0.0660,0.0344, 0.0073,0.0038,-0.0112, -0.3715,0.5494,0.6294,0.4049, 36.1832,-15.8798,33.2947
sensor, 0.0155,0.0326,0.0067, 0.0052,0.0027,-0.0133, -0.3715,0.5494,0.6294,0.4049, 36.1832,-15.8798,33.2947
sensor, 0.0234,0.0442,-0.0248, 0.0052,0.0038,-0.0144, -0.3715,0.5494,0.6294,0.4049, 36.1832,-15.8798,32.6141
sensor, 0.0312,0.0466,0.0454, 0.0041,0.0027,-0.0144, -0.3715,0.5494,0.6294,0.4050, 36.1832,-15.8798,32.6141
sensor, -0.0156,0.0522,0.0235, 0.0041,0.0017,-0.0154, -0.3715,0.5494,0.6294,0.4050, 36.1832,-15.8798,32.6141
sensor, -0.0077,0.0709,-0.0018, 0.0062,0.0059,-0.0165, -0.3715,0.5494,0.6294,0.4050, 36.1832,-15.8798,32.6141
sensor, -0.0674,0.1229,0.0316, 0.0052,0.0070,-0.0208, -0.3716,0.5494,0.6294,0.4049, 36.1832,-17.2760,33.2947
sensor, -0.0603,0.1592,0.0362, 0.0094,0.0113,-0.0250, -0.3717,0.5494,0.6294,0.4049, 36.1832,-17.2760,33.2947
sensor, -0.0259,0.1676,0.0233, 0.0105,0.0113,-0.0314, -0.3717,0.5494,0.6294,0.4048, 36.1832,-17.2760,33.2947
sensor, -0.0610,0.1954,0.0163, 0.0126,0.0145,-0.0400, -0.3717,0.5494,0.6294,0.4048, 36.1832,-17.2760,33.2947
sensor, -0.0706,0.2393,0.0378, 0.0158,0.0187,-0.0495, -0.3718,0.5494,0.6294,0.4048, 35.4858,-15.8798,33.9737
sensor, -0.0912,0.2503,0.0416, 0.0222,0.0262,-0.0570, -0.3718,0.5494,0.6293,0.4048, 35.4858,-15.8798,33.9737
sensor, -0.0768,0.2976,0.0618, 0.0286,0.0336,-0.0644, -0.3719,0.5494,0.6293,0.4048, 35.4858,-15.8798,33.9737
sensor, -0.0834,0.2982,0.0555, 0.0339,0.0390,-0.0687, -0.3720,0.5494,0.6292,0.4048, 35.4858,-15.8798,33.9737
sensor, -0.0605,0.3312,0.1007, 0.0382,0.0390,-0.0762, -0.3722,0.5494,0.6292,0.4047, 36.8820,-16.5787,32.6141
sensor, -0.0177,0.3154,0.1031, 0.0467,0.0358,-0.0826, -0.3723,0.5494,0.6291,0.4047, 36.8820,-16.5787,32.6141
sensor, -0.0489,0.3364,0.1072, 0.0520,0.0368,-0.0847, -0.3724,0.5494,0.6291,0.4047, 36.8820,-16.5787,32.6141
sensor, -0.0343,0.3469,0.0690, 0.0552,0.0411,-0.0857, -0.3726,0.5494,0.6290,0.4046, 36.8820,-16.5787,32.6141
sensor, -0.0411,0.3357,0.0703, 0.0616,0.0443,-0.0900, -0.3725,0.5495,0.6288,0.4048, 34.0881,-15.8798,33.9737
sensor, -0.0898,0.3394,0.0764, 0.0701,0.0549,-0.0964, -0.3726,0.5497,0.6286,0.4049, 34.0881,-15.8798,33.9737
sensor, -0.0673,0.4076,0.0733, 0.0755,0.0592,-0.1060, -0.3726,0.5498,0.6284,0.4050, 34.0881,-15.8798,33.9737
sensor, -0.0333,0.4130,0.0526, 0.0787,0.0613,-0.1199, -0.3726,0.5500,0.6281,0.4052, 34.0881,-15.8798,33.9737
sensor, -0.0111,0.4819,0.1004, 0.0872,0.0656,-0.1390, -0.3726,0.5502,0.6278,0.4054, 33.3893,-15.1810,35.3333
sensor, 0.0273,0.5288,0.0742, 0.0957,0.0688,-0.1593, -0.3726,0.5504,0.6275,0.4056, 33.3893,-15.1810,35.3333
sensor, 0.0291,0.5735,0.0804, 0.1053,0.0730,-0.1784, -0.3726,0.5506,0.6272,0.4059, 33.3893,-15.1810,35.3333
sensor, 0.0567,0.5768,0.1077, 0.1170,0.0773,-0.1965, -0.3726,0.5508,0.6268,0.4062, 33.3893,-15.1810,35.3333
sensor, 0.0352,0.6120,0.1061, 0.1277,0.0805,-0.2136, -0.3726,0.5510,0.6264,0.4065, 35.4858,-15.1810,34.6527
sensor, -0.0004,0.6404,0.0926, 0.1415,0.0858,-0.2285, -0.3725,0.5513,0.6259,0.4069, 35.4858,-15.1810,34.6527
sensor, -0.0033,0.6023,0.0996, 0.1522,0.0922,-0.2392, -0.3726,0.5516,0.6254,0.4073, 35.4858,-15.1810,34.6527
sensor, -0.0383,0.5792,0.1250, 0.1586,0.0965,-0.2509, -0.3726,0.5518,0.6248,0.4077, 35.4858,-15.1810,34.6527
sensor, -0.0394,0.6346,0.0774, 0.1671,0.1061,-0.2690, -0.3727,0.5521,0.6243,0.4081, 34.7870,-15.1810,36.0123
sensor, -0.0038,0.6313,0.1056, 0.1735,0.1125,-0.2903, -0.3728,0.5524,0.6237,0.4086, 34.7870,-15.1810,36.0123
sensor, 0.0126,0.6778,0.1537, 0.1831,0.1178,-0.3116, -0.3729,0.5526,0.6230,0.4091, 34.7870,-15.1810,36.0123
sensor, 0.1511,0.7424,0.1503, 0.1948,0.1199,-0.3372, -0.3730,0.5529,0.6224,0.4096, 34.7870,-15.1810,36.0123
sensor, 0.2130,0.8170,0.1299, 0.2054,0.1189,-0.3595, -0.3732,0.5532,0.6217,0.4102, 37.5809,-14.4821,34.6527
sensor, 0.2297,0.7896,0.1167, 0.2214,0.1210,-0.3808, -0.3732,0.5536,0.6208,0.4109, 37.5809,-14.4821,34.6527
sensor, 0.2068,0.7748,0.1312, 0.2342,0.1220,-0.3989, -0.3734,0.5538,0.6200,0.4116, 37.5809,-14.4821,34.6527
sensor, 0.1769,0.7539,0.1513, 0.2470,0.1231,-0.4139, -0.3736,0.5541,0.6192,0.4123, 37.5809,-14.4821,34.6527
sensor, 0.1925,0.7126,0.1166, 0.2619,0.1231,-0.4245, -0.3739,0.5544,0.6183,0.4130, 36.8820,-15.1810,36.0123
sensor, 0.1713,0.7472,0.1100, 0.2736,0.1242,-0.4330, -0.3741,0.5547,0.6174,0.4138, 36.8820,-15.1810,36.0123
sensor, 0.1625,0.7220,0.1551, 0.2843,0.1252,-0.4469, -0.3744,0.5550,0.6165,0.4145, 36.8820,-15.1810,36.0123
sensor, 0.1586,0.6988,0.1259, 0.2981,0.1263,-0.4597, -0.3746,0.5553,0.6155,0.4153, 36.8820,-15.1810,36.0123
sensor, 0.1743,0.7340,0.1392, 0.3109,0.1306,-0.4756, -0.3749,0.5556,0.6145,0.4162, 36.1832,-13.7848,35.3333
sensor, 0.1475,0.6809,0.1377, 0.3247,0.1338,-0.4938, -0.3751,0.5559,0.6134,0.4171, 36.1832,-13.7848,35.3333
sensor, 0.1731,0.6666,0.1148, 0.3386,0.1402,-0.5140, -0.3753,0.5563,0.6123,0.4180, 36.1832,-13.7848,35.3333
sensor, 0.1505,0.6422,0.1406, 0.3503,0.1444,-0.5300, -0.3756,0.5567,0.6112,0.4189, 36.1832,-13.7848,35.3333
sensor, 0.1778,0.5430,0.1284, 0.3588,0.1465,-0.5438, -0.3759,0.5570,0.6100,0.4199, 36.8820,-15.8798,36.0123
sensor, 0.1244,0.5077,0.1359, 0.3684,0.1487,-0.5587, -0.3763,0.5572,0.6090,0.4207, 36.8820,-15.8798,36.0123
sensor, 0.1386,0.4556,0.1702, 0.3769,0.1508,-0.5683, -0.3767,0.5576,0.6078,0.4217, 36.8820,-15.8798,36.0123
sensor, 0.1270,0.3497,0.1462, 0.3823,0.1561,-0.5736, -0.3771,0.5579,0.6065,0.4228, 36.8820,-15.8798,36.0123
sensor, 0.0846,0.2766,0.1045, 0.3908,0.1615,-0.5790, -0.3775,0.5581,0.6052,0.4238, 36.8820,-11.6882,35.3333
sensor, 0.1188,0.2549,0.1621, 0.3929,0.1593,-0.5832, -0.3779,0.5585,0.6038,0.4250, 36.8820,-11.6882,35.3333
sensor, 0.1442,0.1891,0.1034, 0.3982,0.1647,-0.5886, -0.3784,0.5588,0.6025,0.4261, 36.8820,-11.6882,35.3333
sensor, 0.1848,0.1892,0.1036, 0.3993,0.1668,-0.5971, -0.3790,0.5590,0.6012,0.4271, 36.8820,-11.6882,35.3333
sensor, 0.1657,0.1428,0.0582, 0.3972,0.1657,-0.6045, -0.3795,0.5593,0.5998,0.4282, 36.8820,-12.3871,36.0123
sensor, 0.1984,0.0878,0.1389, 0.3972,0.1657,-0.6099, -0.3801,0.5595,0.5985,0.4293, 36.8820,-12.3871,36.0123
sensor, 0.1656,0.0689,0.1127, 0.3961,0.1657,-0.6141, -0.3808,0.5597,0.5971,0.4304, 36.8820,-12.3871,36.0123
sensor, 0.1682,0.0340,0.0784, 0.3940,0.1636,-0.6184, -0.3814,0.5599,0.5957,0.4314, 36.8820,-12.3871,36.0123
sensor, 0.1862,0.0169,0.1121, 0.3929,0.1593,-0.6205, -0.3820,0.5601,0.5944,0.4325, 37.5809,-10.9909,36.6928
sensor, 0.1630,0.0283,0.1041, 0.3876,0.1615,-0.6216, -0.3826,0.5603,0.5930,0.4337, 37.5809,-10.9909,36.6928
sensor, 0.1541,0.0517,0.1132, 0.3855,0.1625,-0.6237, -0.3833,0.5604,0.5916,0.4348, 37.5809,-10.9909,36.6928
sensor, 0.1518,0.1281,0.1274, 0.3865,0.1615,-0.6258, -0.3840,0.5606,0.5902,0.4358, 37.5809,-10.9909,36.6928
sensor, 0.1671,0.1682,0.1465, 0.3897,0.1636,-0.6322, -0.3846,0.5607,0.5889,0.4369, 35.4858,-10.9909,36.6928
sensor, 0.1866,0.1860,0.1681, 0.3929,0.1636,-0.6429, -0.3852,0.5609,0.5875,0.4380, 35.4858,-10.9909,36.6928
sensor, 0.2084,0.2270,0.1553, 0.3993,0.1657,-0.6557, -0.3859,0.5610,0.5861,0.4391, 35.4858,-10.9909,36.6928
sensor, 0.2576,0.2418,0.1631, 0.4057,0.1647,-0.6717, -0.3865,0.5612,0.5847,0.4403, 35.4858,-10.9909,36.6928
sensor, 0.2535,0.2897,0.1347, 0.4131,0.1625,-0.6844, -0.3871,0.5614,0.5832,0.4414, 36.8820,-8.8959,35.3333
sensor, 0.2431,0.2538,0.1650, 0.4195,0.1636,-0.6972, -0.3876,0.5616,0.5816,0.4428, 36.8820,-8.8959,35.3333
sensor, 0.2369,0.2490,0.1674, 0.4238,0.1668,-0.7100, -0.3883,0.5618,0.5801,0.4440, 36.8820,-8.8959,35.3333
sensor, 0.2707,0.2268,0.1507, 0.4281,0.1679,-0.7175, -0.3889,0.5619,0.5786,0.4452, 36.8820,-8.8959,35.3333
sensor, 0.3086,0.2106,0.1589, 0.4313,0.1700,-0.7249, -0.3896,0.5621,0.5770,0.4465, 35.4858,-8.1970,36.6928
sensor, 0.3335,0.1903,0.1402, 0.4334,0.1647,-0.7292, -0.3902,0.5623,0.5754,0.4478, 35.4858,-8.1970,36.6928
sensor, 0.3175,0.1848,0.1023, 0.4377,0.1583,-0.7292, -0.3909,0.5624,0.5738,0.4491, 35.4858,-8.1970,36.6928
sensor, 0.2378,0.2110,0.1124, 0.4377,0.1561,-0.7292, -0.3916,0.5625,0.5722,0.4503, 35.4858,-8.1970,36.6928
sensor, 0.2150,0.2324,0.1753, 0.4430,0.1604,-0.7324, -0.3922,0.5626,0.5707,0.4516, 38.2782,-7.4982,36.0123
sensor, 0.1735,0.2820,0.2001, 0.4504,0.1657,-0.7356, -0.3928,0.5628,0.5689,0.4530, 38.2782,-7.4982,36.0123
sensor, 0.2498,0.2858,0.1997, 0.4547,0.1700,-0.7409, -0.3934,0.5630,0.5673,0.4543, 38.2782,-7.4982,36.0123
sensor, 0.2962,0.3415,0.2411, 0.4643,0.1700,-0.7483, -0.3941,0.5631,0.5657,0.4556, 38.2782,-7.4982,36.0123
sensor, 0.3385,0.3430,0.1822, 0.4728,0.1689,-0.7601, -0.3947,0.5633,0.5641,0.4569, 37.5809,-7.4982,38.7314
sensor, 0.3961,0.3982,0.1635, 0.4824,0.1668,-0.7697, -0.3953,0.5635,0.5623,0.4583, 37.5809,-7.4982,38.7314
sensor, 0.4313,0.3687,0.2243, 0.4909,0.1593,-0.7792, -0.3960,0.5636,0.5606,0.4596, 37.5809,-7.4982,38.7314
sensor, 0.4181,0.3477,0.2282, 0.4994,0.1519,-0.7899, -0.3966,0.5638,0.5589,0.4610, 37.5809,-7.4982,38.7314
sensor, 0.4230,0.3825,0.1901, 0.5058,0.1465,-0.7963, -0.3972,0.5639,0.5572,0.4624, 38.2782,-6.1020,38.0524
sensor, 0.4321,0.3551,0.2069, 0.5186,0.1423,-0.8027, -0.3977,0.5641,0.5553,0.4639, 38.2782,-6.1020,38.0524
sensor, 0.3903,0.3607,0.2499, 0.5303,0.1423,-0.8069, -0.3983,0.5643,0.5535,0.4654, 38.2782,-6.1020,38.0524
sensor, 0.4199,0.4159,0.2513, 0.5410,0.1433,-0.8133, -0.3989,0.5644,0.5517,0.4669, 38.2782,-6.1020,38.0524
sensor, 0.4227,0.4154,0.2378, 0.5527,0.1402,-0.8218, -0.3994,0.5646,0.5499,0.4683, 38.2782,-5.4031,37.3718
sensor, 0.4244,0.4374,0.2054, 0.5644,0.1348,-0.8325, -0.3999,0.5648,0.5480,0.4699, 38.2782,-5.4031,37.3718
sensor, 0.4045,0.4424,0.2054, 0.5729,0.1327,-0.8442, -0.4005,0.5649,0.5461,0.4715, 38.2782,-5.4031,37.3718
sensor, 0.4259,0.4199,0.2337, 0.5932,0.1274,-0.8634, -0.4010,0.5651,0.5442,0.4730, 38.2782,-5.4031,37.3718
sensor, 0.4581,0.3776,0.2635, 0.6028,0.1263,-0.8698, -0.4016,0.5652,0.5422,0.4746, 36.8820,-4.0054,38.7314
sensor, 0.4686,0.3847,0.2349, 0.6124,0.1210,-0.8762, -0.4021,0.5654,0.5402,0.4763, 36.8820,-4.0054,38.7314
sensor, 0.4492,0.3098,0.2496, 0.6198,0.1167,-0.8794, -0.4026,0.5655,0.5381,0.4780, 36.8820,-4.0054,38.7314
sensor, 0.4334,0.2423,0.2326, 0.6273,0.1114,-0.8751, -0.4031,0.5657,0.5361,0.4797, 36.8820,-4.0054,38.7314
sensor, 0.4130,0.1653,0.2104, 0.6305,0.1114,-0.8709, -0.4037,0.5658,0.5341,0.4813, 37.5809,-1.9104,39.4104
sensor, 0.3638,0.1276,0.1946, 0.6337,0.1114,-0.8645, -0.4041,0.5660,0.5319,0.4832, 37.5809,-1.9104,39.4104
sensor, 0.3254,0.0703,0.2579, 0.6358,0.1082,-0.8581, -0.4046,0.5661,0.5299,0.4848, 37.5809,-1.9104,39.4104
sensor, 0.2770,0.0036,0.2098, 0.6358,0.1103,-0.8517, -0.4051,0.5662,0.5278,0.4865, 37.5809,-1.9104,39.4104
sensor, 0.3100,0.0084,0.1963, 0.6369,0.1093,-0.8453, -0.4057,0.5663,0.5258,0.4881, 36.8820,-1.2131,40.0909
sensor, 0.2940,-0.0043,0.2347, 0.6401,0.1071,-0.8410, -0.4061,0.5665,0.5237,0.4898, 36.8820,-1.2131,40.0909
sensor, 0.2996,0.0138,0.2506, 0.6379,0.1071,-0.8410, -0.4066,0.5665,0.5217,0.4915, 36.8820,-1.2131,40.0909
sensor, 0.2810,0.0041,0.2275, 0.6390,0.1093,-0.8432, -0.4072,0.5666,0.5196,0.4931, 36.8820,-1.2131,40.0909
sensor, 0.2625,0.0394,0.2590, 0.6379,0.1146,-0.8432, -0.4077,0.5667,0.5176,0.4947, 37.5809,0.1846,38.0524
sensor, 0.2479,0.0385,0.2899, 0.6411,0.1189,-0.8485, -0.4080,0.5669,0.5154,0.4965, 37.5809,0.1846,38.0524
sensor, 0.3158,0.0735,0.3256, 0.6411,0.1210,-0.8591, -0.4086,0.5670,0.5133,0.4981, 37.5809,0.1846,38.0524
sensor, 0.3541,0.0840,0.3354, 0.6422,0.1242,-0.8687, -0.4091,0.5671,0.5113,0.4997, 37.5809,0.1846,38.0524
sensor, 0.4329,0.0976,0.3178, 0.6464,0.1178,-0.8794, -0.4096,0.5671,0.5092,0.5013, 36.8820,0.8835,38.7314
sensor, 0.4830,0.0766,0.3035, 0.6475,0.1114,-0.8922, -0.4100,0.5672,0.5070,0.5031, 36.8820,0.8835,38.7314
sensor, 0.4844,0.1206,0.2821, 0.6464,0.1114,-0.8996, -0.4106,0.5673,0.5048,0.5048, 36.8820,0.8835,38.7314
sensor, 0.4881,0.0239,0.3211, 0.6464,0.1082,-0.9028, -0.4111,0.5673,0.5027,0.5064, 36.8820,0.8835,38.7314
sensor, 0.4867,-0.0060,0.3004, 0.6454,0.1071,-0.8996, -0.4117,0.5673,0.5005,0.5081, 36.8820,1.5808,38.0524
sensor, 0.4708,-0.0740,0.2796, 0.6411,0.1071,-0.8922, -0.4122,0.5673,0.4983,0.5098, 36.8820,1.5808,38.0524
sensor, 0.4926,-0.1093,0.2715, 0.6390,0.0997,-0.8836, -0.4127,0.5673,0.4962,0.5115, 36.8820,1.5808,38.0524
sensor, 0.5342,-0.1721,0.2898, 0.6379,0.0933,-0.8709, -0.4133,0.5673,0.4941,0.5131, 36.8820,1.5808,38.0524
sensor, 0.5038,-0.2260,0.2309, 0.6305,0.0880,-0.8559, -0.4138,0.5672,0.4920,0.5148, 37.5809,2.2797,40.0909
sensor, 0.4986,-0.2603,0.2535, 0.6219,0.0826,-0.8464, -0.4144,0.5671,0.4899,0.5164, 37.5809,2.2797,40.0909
sensor, 0.4905,-0.2543,0.2193, 0.6177,0.0794,-0.8389, -0.4149,0.5671,0.4879,0.5180, 37.5809,2.2797,40.0909
sensor, 0.4704,-0.2237,0.2413, 0.6134,0.0773,-0.8368, -0.4154,0.5670,0.4858,0.5196, 37.5809,2.2797,40.0909
sensor, 0.4522,-0.1948,0.2464, 0.6102,0.0773,-0.8357, -0.4159,0.5669,0.4838,0.5211, 37.5809,5.0735,40.0909
sensor, 0.4840,-0.1483,0.2560, 0.6081,0.0741,-0.8368, -0.4163,0.5669,0.4816,0.5228, 37.5809,5.0735,40.0909
sensor, 0.4786,-0.0897,0.2798, 0.6092,0.0720,-0.8432, -0.4167,0.5668,0.4796,0.5244, 37.5809,5.0735,40.0909
sensor, 0.4719,-0.0831,0.2600, 0.6092,0.0720,-0.8496, -0.4172,0.5667,0.4776,0.5260, 37.5809,5.0735,40.0909
sensor, 0.4863,-0.0846,0.3550, 0.6060,0.0720,-0.8527, -0.4177,0.5666,0.4755,0.5276, 38.2782,5.7724,38.7314
sensor, 0.5041,-0.0499,0.2580, 0.6070,0.0709,-0.8591, -0.4181,0.5666,0.4733,0.5293, 38.2782,5.7724,38.7314
sensor, 0.5388,-0.0425,0.2578, 0.6060,0.0667,-0.8677, -0.4185,0.5665,0.4713,0.5308, 38.2782,5.7724,38.7314
sensor, 0.5938,-0.0499,0.2833, 0.6081,0.0645,-0.8762, -0.4190,0.5663,0.4692,0.5324, 38.2782,5.7724,38.7314
sensor, 0.6096,-0.1014,0.3009, 0.6113,0.0603,-0.8804, -0.4195,0.5662,0.4672,0.5340, 36.8820,7.1686,39.4104
sensor, 0.6023,-0.1098,0.2946, 0.6187,0.0517,-0.8783, -0.4199,0.5661,0.4649,0.5358, 36.8820,7.1686,39.4104
sensor, 0.6048,-0.2129,0.2932, 0.6251,0.0432,-0.8709, -0.4203,0.5659,0.4629,0.5374, 36.8820,7.1686,39.4104
sensor, 0.5731,-0.2762,0.3024, 0.6305,0.0326,-0.8581, -0.4208,0.5657,0.4608,0.5391, 36.8820,7.1686,39.4104
sensor, 0.5485,-0.3062,0.2782, 0.6315,0.0240,-0.8400, -0.4212,0.5655,0.4587,0.5407, 38.2782,8.5663,39.4104
sensor, 0.4907,-0.3722,0.2753, 0.6326,0.0155,-0.8218, -0.4215,0.5654,0.4565,0.5425, 38.2782,8.5663,39.4104
sensor, 0.4611,-0.3976,0.2791, 0.6347,0.0070,-0.8016, -0.4218,0.5652,0.4545,0.5441, 38.2782,8.5663,39.4104
sensor, 0.3903,-0.4654,0.2773, 0.6369,0.0017,-0.7792, -0.4222,0.5650,0.4525,0.5457, 38.2782,8.5663,39.4104
sensor, 0.3444,-0.5063,0.2636, 0.6337,-0.0005,-0.7601, -0.4225,0.5648,0.4505,0.5473, 36.1832,7.8674,39.4104
sensor, 0.3410,-0.4696,0.2368, 0.6326,-0.0047,-0.7409, -0.4228,0.5646,0.4486,0.5488, 36.1832,7.8674,39.4104
sensor, 0.3497,-0.4810,0.2512, 0.6283,-0.0047,-0.7249, -0.4230,0.5644,0.4467,0.5504, 36.1832,7.8674,39.4104
sensor, 0.3645,-0.4446,0.2781, 0.6251,-0.0058,-0.7132, -0.4233,0.5642,0.4448,0.5519, 36.1832,7.8674,39.4104
sensor, 0.3514,-0.3511,0.2930, 0.6251,-0.0037,-0.7089, -0.4235,0.5641,0.4430,0.5534, 37.5809,9.2636,38.7314
sensor, 0.3614,-0.3135,0.2870, 0.6262,-0.0005,-0.7068, -0.4236,0.5640,0.4411,0.5549, 37.5809,9.2636,38.7314
sensor, 0.4172,-0.3087,0.2758, 0.6273,0.0038,-0.7068, -0.4238,0.5638,0.4393,0.5564, 37.5809,9.2636,38.7314
sensor, 0.3936,-0.2777,0.3298, 0.6283,0.0038,-0.7079, -0.4240,0.5637,0.4374,0.5579, 37.5809,9.2636,38.7314
sensor, 0.3646,-0.2985,0.2993, 0.6294,0.0017,-0.7079, -0.4241,0.5635,0.4355,0.5593, 36.8820,9.2636,38.0524
sensor, 0.3270,-0.3526,0.2982, 0.6283,0.0049,-0.7036, -0.4243,0.5634,0.4337,0.5608, 36.8820,9.2636,38.0524
sensor, 0.2699,-0.4210,0.2995, 0.6273,0.0070,-0.6930, -0.4245,0.5632,0.4319,0.5622, 36.8820,9.2636,38.0524
sensor, 0.2303,-0.4461,0.2848, 0.6241,0.0113,-0.6780, -0.4246,0.5631,0.4300,0.5637, 36.8820,9.2636,38.0524
sensor, 0.2706,-0.5562,0.2681, 0.6198,0.0102,-0.6599, -0.4248,0.5629,0.4282,0.5651, 38.9771,10.6613,40.0909
sensor, 0.2600,-0.6423,0.2445, 0.6113,0.0081,-0.6365, -0.4250,0.5627,0.4264,0.5664, 38.9771,10.6613,40.0909
sensor, 0.2829,-0.6745,0.2748, 0.6038,0.0081,-0.6141, -0.4252,0.5626,0.4247,0.5678, 38.9771,10.6613,40.0909
sensor, 0.2488,-0.7531,0.2306, 0.5964,0.0059,-0.5949, -0.4253,0.5625,0.4229,0.5691, 38.9771,10.6613,40.0909
sensor, 0.2722,-0.7580,0.2652, 0.5879,0.0017,-0.5736, -0.4254,0.5623,0.4212,0.5704, 36.1832,11.3602,38.7314
sensor, 0.2723,-0.7588,0.2647, 0.5804,0.0006,-0.5555, -0.4256,0.5622,0.4197,0.5716, 36.1832,11.3602,38.7314
sensor, 0.2099,-0.7871,0.2551, 0.5719,0.0006,-0.5374, -0.4257,0.5621,0.4181,0.5728, 36.1832,11.3602,38.7314
sensor, 0.1996,-0.7936,0.2593, 0.5634,0.0027,-0.5247, -0.4257,0.5619,0.4165,0.5740, 36.1832,11.3602,38.7314
sensor, 0.1434,-0.7814,0.2263, 0.5570,0.0038,-0.5108, -0.4258,0.5618,0.4149,0.5752, 36.1832,14.1525,38.7314
sensor, 0.1409,-0.7782,0.2910, 0.5495,0.0091,-0.5044, -0.4257,0.5618,0.4133,0.5765, 36.1832,14.1525,38.7314
sensor, 0.1116,-0.7474,0.3094, 0.5452,0.0176,-0.4991, -0.4258,0.5617,0.4118,0.5776, 36.1832,14.1525,38.7314
sensor, 0.0955,-0.7136,0.2745, 0.5367,0.0219,-0.4938, -0.4258,0.5616,0.4103,0.5787, 36.1832,14.1525,38.7314
sensor, 0.1002,-0.6953,0.3160, 0.5303,0.0326,-0.4927, -0.4259,0.5616,0.4088,0.5798, 36.8820,12.0575,39.4104
sensor, 0.0681,-0.6221,0.2695, 0.5229,0.0421,-0.4905, -0.4261,0.5614,0.4075,0.5807, 36.8820,12.0575,39.4104
sensor, 0.0871,-0.6447,0.2977, 0.5165,0.0496,-0.4884, -0.4262,0.5613,0.4060,0.5818, 36.8820,12.0575,39.4104
sensor, 0.0747,-0.6003,0.3326, 0.5133,0.0592,-0.4874, -0.4263,0.5613,0.4045,0.5828, 36.8820,12.0575,39.4104
sensor, 0.0873,-0.6173,0.3295, 0.5112,0.0677,-0.4820, -0.4264,0.5612,0.4031,0.5838, 36.8820,14.8514,38.7314
sensor, 0.0679,-0.6433,0.3083, 0.5058,0.0752,-0.4714, -0.4264,0.5612,0.4015,0.5848, 36.8820,14.8514,38.7314
sensor, 0.0919,-0.6769,0.3169, 0.5005,0.0816,-0.4575, -0.4265,0.5612,0.4001,0.5857, 36.8820,14.8514,38.7314
sensor, 0.0894,-0.7291,0.3073, 0.4941,0.0869,-0.4405, -0.4266,0.5612,0.3986,0.5866, 36.8820,14.8514,38.7314
sensor, 0.1082,-0.7434,0.2871, 0.4856,0.0901,-0.4213, -0.4267,0.5612,0.3972,0.5875, 36.1832,15.5502,39.4104
sensor, 0.0980,-0.7614,0.2831, 0.4771,0.0901,-0.4000, -0.4268,0.5613,0.3958,0.5884, 36.1832,15.5502,39.4104
sensor, 0.1263,-0.7611,0.3173, 0.4664,0.0975,-0.3798, -0.4269,0.5613,0.3945,0.5892, 36.1832,15.5502,39.4104
sensor, 0.1518,-0.7475,0.3222, 0.4590,0.1050,-0.3627, -0.4269,0.5614,0.3931,0.5899, 36.1832,15.5502,39.4104
sensor, 0.2635,-0.7222,0.3003, 0.4483,0.1061,-0.3510, -0.4270,0.5615,0.3919,0.5907, 35.4858,14.1525,38.7314
sensor, 0.3673,-0.7022,0.2457, 0.4419,0.1007,-0.3467, -0.4272,0.5614,0.3908,0.5913, 35.4858,14.1525,38.7314
sensor, 0.1784,-0.6727,0.1124, 0.4355,0.0869,-0.3414, -0.4272,0.5615,0.3895,0.5920, 35.4858,14.1525,38.7314
sensor, -0.0176,-0.6662,0.2705, 0.4291,0.0954,-0.3372, -0.4272,0.5616,0.3883,0.5927, 35.4858,14.1525,38.7314
sensor, 0.0543,-0.6126,0.4664, 0.4217,0.1284,-0.3361, -0.4273,0.5617,0.3871,0.5934, 35.4858,17.6453,38.7314
sensor, 0.3263,-0.6520,0.1941, 0.4078,0.1433,-0.3372, -0.4272,0.5619,0.3858,0.5941, 35.4858,17.6453,38.7314
sensor, 0.6335,-0.5806,0.0895, 0.3887,0.1295,-0.3404, -0.4273,0.5620,0.3846,0.5947, 35.4858,17.6453,38.7314
sensor, 0.8170,-0.6073,0.1594, 0.3695,0.1071,-0.3478, -0.4275,0.5621,0.3834,0.5952, 35.4858,17.6453,38.7314
sensor, 0.8248,-0.5424,0.2132, 0.3546,0.0805,-0.3521, -0.4276,0.5622,0.3822,0.5958, 36.1832,17.6453,39.4104
sensor, 0.7319,-0.4943,0.2770, 0.3428,0.0549,-0.3553, -0.4277,0.5622,0.3811,0.5965, 36.1832,17.6453,39.4104
sensor, 0.6671,-0.4749,0.2782, 0.3311,0.0443,-0.3563, -0.4278,0.5621,0.3800,0.5971, 36.1832,17.6453,39.4104
sensor, 0.6287,-0.4641,0.2510, 0.3205,0.0400,-0.3574, -0.4280,0.5620,0.3790,0.5978, 36.1832,17.6453,39.4104
sensor, 0.6187,-0.4699,0.2020, 0.3077,0.0358,-0.3574, -0.4281,0.5619,0.3780,0.5984, 37.5809,19.0430,38.7314
sensor, 0.6463,-0.4875,0.1804, 0.2960,0.0251,-0.3574, -0.4282,0.5618,0.3769,0.5992, 37.5809,19.0430,38.7314
sensor, 0.6082,-0.4948,0.2367, 0.2864,0.0145,-0.3553, -0.4283,0.5617,0.3759,0.5998, 37.5809,19.0430,38.7314
sensor, 0.5896,-0.4914,0.2342, 0.2736,0.0038,-0.3478, -0.4285,0.5615,0.3749,0.6004, 37.5809,19.0430,38.7314
sensor, 0.5085,-0.4770,0.2274, 0.2598,-0.0058,-0.3404, -0.4286,0.5613,0.3740,0.6011, 36.1832,19.0430,38.7314
sensor, 0.4606,-0.4454,0.2327, 0.2598,-0.0058,-0.3404, -0.4287,0.5611,0.3731,0.6018, 36.1832,19.0430,38.7314
sensor, 0.4163,-0.3780,0.2574, 0.2321,-0.0101,-0.3318, -0.4289,0.5609,0.3723,0.6024, 36.1832,19.0430,38.7314
sensor, 0.3419,-0.3437,0.1986, 0.2278,-0.0068,-0.3308, -0.4291,0.5607,0.3715,0.6030, 36.1832,19.0430,38.7314
sensor, 0.3149,-0.2968,0.2438, 0.2203,-0.0026,-0.3286, -0.4292,0.5604,0.3707,0.6036, 35.4858,17.6453,40.0909
sensor, 0.2459,-0.2773,0.2645, 0.2139,0.0006,-0.3265, -0.4295,0.5601,0.3700,0.6040, 35.4858,17.6453,40.0909
sensor, 0.2439,-0.2757,0.2505, 0.2086,-0.0015,-0.3222, -0.4297,0.5599,0.3692,0.6046, 35.4858,17.6453,40.0909
sensor, 0.2294,-0.2771,0.2509, 0.2022,-0.0015,-0.3169, -0.4299,0.5597,0.3685,0.6052, 35.4858,17.6453,40.0909
sensor, 0.2627,-0.1901,0.2828, 0.1980,-0.0037,-0.3105, -0.4301,0.5595,0.3677,0.6057, 35.4858,19.0430,40.7700
sensor, 0.2918,-0.1719,0.2335, 0.1926,-0.0090,-0.3052, -0.4303,0.5592,0.3671,0.6062, 35.4858,19.0430,40.7700
sensor, 0.2640,-0.1356,0.2535, 0.1884,-0.0101,-0.2956, -0.4304,0.5590,0.3664,0.6067, 35.4858,19.0430,40.7700
sensor, 0.2331,-0.0992,0.2636, 0.1884,-0.0101,-0.2892, -0.4306,0.5588,0.3657,0.6072, 35.4858,19.0430,40.7700
sensor, 0.1857,-0.0728,0.3020, 0.1905,-0.0101,-0.2839, -0.4307,0.5586,0.3650,0.6077, 36.1832,19.0430,38.7314
sensor, 0.1294,-0.0493,0.3389, 0.1916,-0.0079,-0.2732, -0.4308,0.5583,0.3644,0.6082, 36.1832,19.0430,38.7314
sensor, 0.0656,-0.0869,0.2939, 0.1905,-0.0015,-0.2636, -0.4309,0.5581,0.3637,0.6087, 36.1832,19.0430,38.7314
sensor, 0.0931,-0.0728,0.3097, 0.1895,0.0006,-0.2562, -0.4310,0.5580,0.3631,0.6092, 36.1832,19.0430,38.7314
sensor, 0.0984,-0.0937,0.2963, 0.1884,0.0017,-0.2455, -0.4311,0.5578,0.3624,0.6096, 36.1832,19.7403,40.0909
sensor, 0.1402,-0.1249,0.2789, 0.1820,0.0081,-0.2306, -0.4312,0.5577,0.3619,0.6100, 36.1832,19.7403,40.0909
sensor, 0.1038,-0.1201,0.2791, 0.1809,0.0091,-0.2157, -0.4313,0.5575,0.3613,0.6104, 36.1832,19.7403,40.0909
sensor, 0.0887,-0.1541,0.2805, 0.1788,0.0134,-0.2029, -0.4313,0.5574,0.3607,0.6108, 36.1832,19.7403,40.0909
sensor, 0.1159,-0.1530,0.2932, 0.1799,0.0145,-0.1891, -0.4313,0.5574,0.3602,0.6112, 34.0881,17.6453,38.0524
sensor, 0.1391,-0.1199,0.2782, 0.1831,0.0208,-0.1784, -0.4315,0.5571,0.3598,0.6115, 34.0881,17.6453,38.0524
sensor, 0.1280,-0.1214,0.2561, 0.1873,0.0240,-0.1688, -0.4315,0.5571,0.3593,0.6118, 34.0881,17.6453,38.0524
sensor, 0.1830,-0.0972,0.2543, 0.1916,0.0283,-0.1625, -0.4315,0.5571,0.3588,0.6122, 34.0881,17.6453,38.0524
sensor, 0.1870,-0.1021,0.2600, 0.1958,0.0347,-0.1625, -0.4315,0.5571,0.3582,0.6125, 37.5809,19.7403,40.0909
sensor, 0.2021,-0.0709,0.2428, 0.2044,0.0379,-0.1635, -0.4316,0.5570,0.3578,0.6127, 37.5809,19.7403,40.0909
sensor, 0.1939,-0.0202,0.2461, 0.2076,0.0454,-0.1688, -0.4315,0.5570,0.3573,0.6131, 37.5809,19.7403,40.0909
sensor, 0.1911,0.0261,0.2517, 0.2139,0.0517,-0.1731, -0.4315,0.5570,0.3567,0.6134, 37.5809,19.7403,40.0909
sensor, 0.1806,0.0300,0.2773, 0.2171,0.0581,-0.1816, -0.4314,0.5570,0.3562,0.6138, 36.1832,21.1380,38.0524
sensor, 0.2099,0.0407,0.2353, 0.2193,0.0624,-0.1880, -0.4313,0.5571,0.3555,0.6142, 36.1832,21.1380,38.0524
sensor, 0.2338,0.0138,0.1906, 0.2193,0.0645,-0.1955, -0.4313,0.5571,0.3549,0.6146, 36.1832,21.1380,38.0524
sensor, 0.2883,0.0474,0.2128, 0.2171,0.0603,-0.2040, -0.4312,0.5571,0.3543,0.6149, 36.1832,21.1380,38.0524
sensor, 0.2764,0.0185,0.1925, 0.2150,0.0560,-0.2114, -0.4312,0.5571,0.3536,0.6153, 34.0881,19.7403,37.3718
sensor, 0.2756,-0.0175,0.1960, 0.2118,0.0592,-0.2200, -0.4313,0.5571,0.3531,0.6157, 34.0881,19.7403,37.3718
sensor, 0.2756,0.0170,0.1683, 0.2108,0.0603,-0.2221, -0.4313,0.5570,0.3524,0.6160, 34.0881,19.7403,37.3718
sensor, 0.2405,-0.0252,0.1759, 0.2054,0.0603,-0.2242, -0.4313,0.5570,0.3517,0.6164, 34.0881,19.7403,37.3718
sensor, 0.2672,-0.0598,0.1870, 0.2022,0.0592,-0.2221, -0.4314,0.5570,0.3511,0.6168, 34.7870,21.8353,36.6928
sensor, 0.3058,-0.1112,0.1478, 0.1969,0.0528,-0.2178, -0.4313,0.5570,0.3503,0.6172, 34.7870,21.8353,36.6928
sensor, 0.3246,-0.1384,0.1565, 0.1916,0.0485,-0.2083, -0.4314,0.5569,0.3496,0.6176, 34.7870,21.8353,36.6928
sensor, 0.3050,-0.1669,0.1918, 0.1884,0.0421,-0.2008, -0.4315,0.5568,0.3490,0.6180, 34.7870,21.8353,36.6928
sensor, 0.2995,-0.1544,0.1377, 0.1820,0.0390,-0.1923, -0.4316,0.5567,0.3484,0.6183, 34.7870,21.8353,40.0909
sensor, 0.2921,-0.2064,0.2039, 0.1756,0.0368,-0.1859, -0.4318,0.5566,0.3479,0.6187, 34.7870,21.8353,40.0909
sensor, 0.2916,-0.1824,0.1913, 0.1692,0.0336,-0.1774, -0.4319,0.5565,0.3474,0.6190, 34.7870,21.8353,40.0909
sensor, 0.2991,-0.1604,0.1961, 0.1639,0.0283,-0.1710, -0.4319,0.5564,0.3469,0.6193, 34.7870,21.8353,40.0909
sensor, 0.3126,-0.1248,0.1633, 0.1617,0.0240,-0.1678, -0.4320,0.5562,0.3464,0.6197, 35.4858,20.4391,37.3718
sensor, 0.3220,-0.0688,0.2410, 0.1596,0.0208,-0.1678, -0.4322,0.5561,0.3460,0.6199, 35.4858,20.4391,37.3718
sensor, 0.3281,-0.0075,0.2105, 0.1607,0.0187,-0.1688, -0.4322,0.5559,0.3455,0.6203, 35.4858,20.4391,37.3718
sensor, 0.2677,0.1039,0.2298, 0.1596,0.0187,-0.1646, -0.4322,0.5558,0.3451,0.6206, 35.4858,20.4391,37.3718
sensor, 0.2042,0.1370,0.2273, 0.1596,0.0198,-0.1699, -0.4322,0.5558,0.3446,0.6210, 35.4858,21.1380,38.0524
sensor, 0.2424,0.1703,0.2656, 0.1596,0.0198,-0.1699, -0.4322,0.5557,0.3443,0.6212, 35.4858,21.1380,38.0524
sensor, 0.2763,0.2385,0.2445, 0.1639,0.0155,-0.1731, -0.4321,0.5556,0.3438,0.6216, 35.4858,21.1380,38.0524
sensor, 0.3167,0.3497,0.2196, 0.1649,0.0113,-0.1816, -0.4320,0.5556,0.3433,0.6220, 35.4858,21.1380,38.0524
sensor, 0.2963,0.3351,0.2320, 0.1713,0.0091,-0.2104, -0.4319,0.5555,0.3429,0.6223, 36.1832,20.4391,39.4104
sensor, 0.1826,0.3873,0.2598, 0.1713,0.0091,-0.2104, -0.4320,0.5553,0.3426,0.6226, 36.1832,20.4391,39.4104
sensor, 0.1367,0.3617,0.2525, 0.1745,0.0113,-0.2221, -0.4319,0.5553,0.3421,0.6230, 36.1832,20.4391,39.4104
sensor, 0.0947,0.3421,0.2290, 0.1788,0.0155,-0.2338, -0.4318,0.5552,0.3415,0.6234, 36.1832,20.4391,39.4104
sensor, 0.1447,0.3494,0.2351, 0.1852,0.0315,-0.2519, -0.4317,0.5552,0.3409,0.6238, 34.0881,23.2330,38.7314
sensor, 0.2135,0.3892,0.1974, 0.1852,0.0315,-0.2519, -0.4316,0.5552,0.3402,0.6243, 34.0881,23.2330,38.7314
sensor, 0.2499,0.3490,0.2176, 0.1873,0.0347,-0.2700, -0.4315,0.5552,0.3396,0.6247, 34.0881,23.2330,38.7314
sensor, 0.2633,0.3906,0.1987, 0.1905,0.0390,-0.2807, -0.4315,0.5552,0.3389,0.6251, 34.0881,23.2330,38.7314
sensor, 0.2382,0.3717,0.2152, 0.1926,0.0390,-0.2871, -0.4314,0.5551,0.3382,0.6255, 33.3893,22.5342,38.0524
sensor, 0.2352,0.3666,0.2331, 0.1926,0.0411,-0.2988, -0.4314,0.5551,0.3376,0.6260, 33.3893,22.5342,38.0524
sensor, 0.2939,0.3426,0.2208, 0.1926,0.0411,-0.2988, -0.4314,0.5550,0.3369,0.6264, 33.3893,22.5342,38.0524
sensor, 0.3068,0.3973,0.1896, 0.1948,0.0454,-0.3041, -0.4314,0.5549,0.3361,0.6269, 33.3893,22.5342,38.0524
sensor, 0.3101,0.3969,0.2243, 0.1958,0.0454,-0.3169, -0.4314,0.5549,0.3354,0.6273, 34.0881,21.8353,38.0524
sensor, 0.3512,0.3771,0.2611, 0.1980,0.0475,-0.3265, -0.4316,0.5547,0.3347,0.6277, 34.0881,21.8353,38.0524
sensor, 0.4462,0.3752,0.2737, 0.2108,0.0485,-0.3457, -0.4316,0.5545,0.3331,0.6287, 34.0881,21.8353,38.0524
sensor, 0.4969,0.3483,0.2527, 0.2150,0.0432,-0.3585, -0.4317,0.5544,0.3323,0.6292, 34.0881,21.8353,38.0524
sensor, 0.5212,0.2832,0.2335, 0.2193,0.0421,-0.3680, -0.4317,0.5544,0.3323,0.6292, 34.0881,24.6292,38.7314
sensor, 0.5126,0.2502,0.2479, 0.2193,0.0390,-0.3798, -0.4317,0.5543,0.3313,0.6298, 34.0881,24.6292,38.7314
sensor, 0.5295,0.1643,0.2544, 0.2214,0.0347,-0.3862, -0.4319,0.5541,0.3304,0.6303, 34.0881,24.6292,38.7314
sensor, 0.5443,0.1444,0.2043, 0.2214,0.0347,-0.3862, -0.4320,0.5538,0.3295,0.6309, 34.0881,24.6292,38.7314
sensor, 0.5017,0.1312,0.2481, 0.2246,0.0187,-0.3989, -0.4322,0.5536,0.3286,0.6315, 33.3893,22.5342,37.3718
sensor, 0.4569,0.0681,0.2432, 0.2267,0.0166,-0.4032, -0.4325,0.5532,0.3278,0.6320, 33.3893,22.5342,37.3718
sensor, 0.4347,0.0004,0.2291, 0.2278,0.0145,-0.4053, -0.4327,0.5529,0.3269,0.6326, 33.3893,22.5342,37.3718
sensor, 0.3628,-0.0386,0.2456, 0.2321,0.0102,-0.4064, -0.4329,0.5526,0.3260,0.6332, 33.3893,22.5342,37.3718
sensor, 0.3242,-0.1234,0.2800, 0.2342,0.0070,-0.4043, -0.4331,0.5523,0.3250,0.6338, 34.7870,23.9319,39.4104
sensor, 0.3176,-0.1216,0.2401, 0.2331,0.0027,-0.3989, -0.4335,0.5519,0.3242,0.6343, 34.7870,23.9319,39.4104
sensor, 0.3547,-0.1470,0.2298, 0.2321,0.0027,-0.3957, -0.4337,0.5517,0.3233,0.6349, 34.7870,23.9319,39.4104
sensor, 0.3612,-0.1982,0.2326, 0.2299,-0.0005,-0.3926, -0.4339,0.5514,0.3223,0.6355, 34.7870,23.9319,39.4104
sensor, 0.3607,-0.1951,0.2597, 0.2289,-0.0026,-0.3904, -0.4341,0.5511,0.3214,0.6361, 34.7870,23.2330,38.7314
sensor, 0.3149,-0.2327,0.2279, 0.2267,-0.0026,-0.3872, -0.4345,0.5506,0.3207,0.6366, 34.7870,23.2330,38.7314
sensor, 0.3445,-0.2431,0.2290, 0.2267,-0.0026,-0.3872, -0.4347,0.5503,0.3198,0.6371, 34.7870,23.2330,38.7314
sensor, 0.3360,-0.2835,0.2916, 0.2235,-0.0037,-0.3851, -0.4349,0.5500,0.3189,0.6377, 34.7870,23.2330,38.7314
sensor, 0.3064,-0.2419,0.2700, 0.2225,-0.0090,-0.3808, -0.4351,0.5497,0.3180,0.6383, 31.9931,26.0269,38.0524
sensor, 0.2480,-0.2885,0.2795, 0.2246,-0.0111,-0.3755, -0.4352,0.5495,0.3170,0.6389, 31.9931,26.0269,38.0524
sensor, 0.1367,-0.3024,0.2787, 0.2257,-0.0111,-0.3670, -0.4353,0.5492,0.3161,0.6395, 31.9931,26.0269,38.0524
sensor, 0.1120,-0.3387,0.3244, 0.2246,-0.0132,-0.3585, -0.4355,0.5489,0.3153,0.6401, 31.9931,26.0269,38.0524
sensor, 0.1125,-0.3303,0.3299, 0.2235,-0.0101,-0.3457, -0.4356,0.5486,0.3144,0.6406, 33.3893,24.6292,38.0524
sensor, 0.1209,-0.3669,0.3410, 0.2246,-0.0090,-0.3350, -0.4359,0.5482,0.3138,0.6411, 33.3893,24.6292,38.0524
sensor, 0.1132,-0.3571,0.2857, 0.2235,-0.0068,-0.3158, -0.4360,0.5480,0.3129,0.6416, 33.3893,24.6292,38.0524
sensor, 0.0788,-0.3896,0.2673, 0.2235,-0.0068,-0.3158, -0.4361,0.5477,0.3121,0.6422, 33.3893,24.6292,38.0524
sensor, 0.0253,-0.4189,0.3023, 0.2246,-0.0047,-0.2988, -0.4362,0.5475,0.3114,0.6427, 33.3893,25.3281,38.0524
sensor, -0.0315,-0.4333,0.3096, 0.2225,0.0091,-0.2647, -0.4364,0.5472,0.3107,0.6431, 33.3893,25.3281,38.0524
sensor, 0.0127,-0.4600,0.2867, 0.2139,0.0166,-0.2445, -0.4364,0.5470,0.3100,0.6436, 33.3893,25.3281,38.0524
sensor, 0.0563,-0.3979,0.3084, 0.2076,0.0187,-0.2296, -0.4365,0.5469,0.3093,0.6440, 33.3893,25.3281,38.0524
sensor, 0.1883,-0.3121,0.2919, 0.2033,0.0198,-0.2200, -0.4365,0.5468,0.3086,0.6444, 34.0881,25.3281,36.6928
sensor, 0.2421,-0.2541,0.2693, 0.2033,0.0198,-0.2147, -0.4366,0.5466,0.3081,0.6447, 34.0881,25.3281,36.6928
sensor, 0.2671,-0.1907,0.2624, 0.2022,0.0187,-0.2157, -0.4366,0.5465,0.3075,0.6451, 34.0881,25.3281,36.6928
sensor, 0.2054,-0.1237,0.2870, 0.2044,0.0219,-0.2136, -0.4366,0.5464,0.3068,0.6455, 34.0881,25.3281,36.6928
sensor, 0.1995,-0.1075,0.2917, 0.2097,0.0251,-0.2125, -0.4366,0.5463,0.3062,0.6459, 33.3893,25.3281,36.6928
sensor, 0.1960,-0.0675,0.3149, 0.2097,0.0251,-0.2125, -0.4367,0.5461,0.3050,0.6466, 33.3893,25.3281,36.6928
sensor, 0.1936,-0.1313,0.2752, 0.2097,0.0262,-0.2093, -0.4367,0.5460,0.3044,0.6469, 33.3893,25.3281,36.6928
sensor, 0.2215,-0.1280,0.1977, 0.2054,0.0283,-0.2083, -0.4367,0.5460,0.3038,0.6473, 33.3893,25.3281,36.6928
sensor, 0.2345,-0.1619,0.2379, 0.1937,0.0294,-0.1987, -0.4367,0.5460,0.3038,0.6473, 34.0881,26.7258,36.0123
sensor, 0.1985,-0.2210,0.2448, 0.1884,0.0283,-0.1891, -0.4367,0.5459,0.3032,0.6476, 34.0881,26.7258,36.0123
sensor, 0.1523,-0.3010,0.2102, 0.1799,0.0262,-0.1816, -0.4367,0.5458,0.3026,0.6479, 34.0881,26.7258,36.0123
sensor, 0.1696,-0.3572,0.1970, 0.1681,0.0262,-0.1752, -0.4367,0.5457,0.3020,0.6483, 34.0881,26.7258,36.0123
sensor, 0.1704,-0.3839,0.2143, 0.1554,0.0283,-0.1699, -0.4367,0.5457,0.3015,0.6486, 31.9931,25.3281,38.0524
sensor, 0.2062,-0.4165,0.1661, 0.1554,0.0283,-0.1699, -0.4369,0.5454,0.3012,0.6487, 31.9931,25.3281,38.0524
sensor, 0.1408,-0.4147,0.1676, 0.1277,0.0283,-0.1625, -0.4371,0.5453,0.3003,0.6492, 31.9931,25.3281,38.0524
sensor, 0.1180,-0.4201,0.1453, 0.1277,0.0283,-0.1625, -0.4371,0.5453,0.3003,0.6492, 31.9931,25.3281,38.0524
sensor, 0.0698,-0.4176,0.2157, 0.1021,0.0485,-0.1593, -0.4372,0.5452,0.2998,0.6494, 30.5954,25.3281,38.7314
sensor, 0.0562,-0.4112,0.1600, 0.0882,0.0539,-0.1529, -0.4375,0.5449,0.2996,0.6495, 30.5954,25.3281,38.7314
sensor, 0.0440,-0.4578,0.1828, 0.0712,0.0635,-0.1561, -0.4377,0.5449,0.2992,0.6497, 30.5954,25.3281,38.7314
sensor, 0.0749,-0.4015,0.2038, 0.0563,0.0667,-0.1593, -0.4381,0.5447,0.2983,0.6499, 30.5954,25.3281,38.7314
sensor, 0.1014,-0.3905,0.1962, 0.0424,0.0677,-0.1635, -0.4381,0.5447,0.2983,0.6499, 32.6920,26.0269,38.0524
sensor, 0.1466,-0.3298,0.1804, 0.0424,0.0677,-0.1635, -0.4385,0.5445,0.2982,0.6499, 32.6920,26.0269,38.0524
sensor, 0.1437,-0.2543,0.2084, 0.0190,0.0720,-0.1838, -0.4388,0.5444,0.2978,0.6500, 32.6920,26.0269,38.0524
sensor, 0.1625,-0.2306,0.2116, 0.0190,0.0720,-0.1838, -0.4391,0.5443,0.2974,0.6500, 32.6920,26.0269,38.0524
sensor, 0.1784,-0.1918,0.1881, 0.0116,0.0773,-0.1955, -0.4394,0.5442,0.2970,0.6501, 31.9931,27.4231,36.6928
sensor, 0.1670,-0.1863,0.2362, 0.0041,0.0794,-0.2051, -0.4398,0.5440,0.2965,0.6502, 31.9931,27.4231,36.6928
sensor, 0.1836,-0.1842,0.1829, -0.0034,0.0816,-0.2136, -0.4401,0.5439,0.2961,0.6502, 31.9931,27.4231,36.6928
sensor, 0.2013,-0.1889,0.1559, -0.0119,0.0784,-0.2200, -0.4410,0.5435,0.2953,0.6503, 31.9931,27.4231,36.6928
sensor, 0.1470,-0.1951,0.1734, -0.0193,0.0794,-0.2232, -0.4410,0.5435,0.2953,0.6503, 31.2943,27.4231,36.6928
sensor, 0.0774,-0.2462,0.1830, -0.0417,0.0880,-0.2136, -0.4414,0.5434,0.2949,0.6504, 31.2943,27.4231,36.6928
sensor, 0.0238,-0.2604,0.1601, -0.0524,0.0954,-0.2019, -0.4418,0.5432,0.2945,0.6504, 31.2943,27.4231,36.6928
sensor, 0.0194,-0.2755,0.1825, -0.0524,0.0954,-0.2019, -0.4424,0.5430,0.2942,0.6504, 31.2943,27.4231,36.6928
sensor, -0.0113,-0.2457,0.1908, -0.0662,0.1082,-0.1827, -0.4429,0.5427,0.2938,0.6503, 31.2943,29.5181,38.0524
sensor, 0.0466,-0.2353,0.2224, -0.0726,0.1071,-0.1763, -0.4433,0.5426,0.2934,0.6504, 31.2943,29.5181,38.0524
sensor, 0.1122,-0.1590,0.2227, -0.0715,0.1039,-0.1774, -0.4438,0.5424,0.2932,0.6503, 31.2943,29.5181,38.0524
sensor, 0.1606,-0.0674,0.2021, -0.0715,0.1039,-0.1774, -0.4443,0.5422,0.2929,0.6503, 31.2943,29.5181,38.0524
sensor, 0.1892,0.0027,0.2224, -0.0683,0.1029,-0.1848, -0.4448,0.5420,0.2926,0.6502, 31.9931,26.0269,36.6928
sensor, 0.1779,0.0405,0.1983, -0.0683,0.1029,-0.1848, -0.4453,0.5417,0.2925,0.6501, 31.9931,26.0269,36.6928
sensor, 0.1304,0.0488,0.1864, -0.0683,0.1039,-0.1806, -0.4458,0.5416,0.2922,0.6501, 31.9931,26.0269,36.6928
sensor, 0.1034,0.0795,0.1820, -0.0683,0.1039,-0.1806, -0.4462,0.5414,0.2919,0.6500, 31.9931,26.0269,36.6928
sensor, 0.0401,0.0367,0.1903, -0.0662,0.1093,-0.1678, -0.4466,0.5413,0.2917,0.6500, 31.9931,26.7258,37.3718
sensor, 0.0566,0.0670,0.1869, -0.0641,0.1093,-0.1635, -0.4471,0.5411,0.2916,0.6499, 31.9931,26.7258,37.3718
sensor, 0.1208,0.1451,0.2234, -0.0641,0.1093,-0.1635, -0.4474,0.5410,0.2913,0.6498, 31.9931,26.7258,37.3718
sensor, 0.1353,0.1810,0.2038, -0.0566,0.1071,-0.1593, -0.4478,0.5409,0.2910,0.6498, 31.9931,26.7258,37.3718
sensor, 0.2448,0.2598,0.1829, -0.0524,0.1039,-0.1571, -0.4481,0.5409,0.2908,0.6497, 31.9931,26.7258,38.7314
sensor, 0.2812,0.3263,0.2115, -0.0375,0.0965,-0.1656, -0.4485,0.5407,0.2907,0.6496, 31.9931,26.7258,38.7314
sensor, 0.2826,0.3152,0.2122, -0.0375,0.0965,-0.1656, -0.4487,0.5406,0.2905,0.6496, 31.9931,26.7258,38.7314
sensor, 0.3006,0.3340,0.1713, -0.0289,0.0965,-0.1678, -0.4490,0.5406,0.2902,0.6496, 31.9931,26.7258,38.7314
sensor, 0.3300,0.2965,0.1697, -0.0098,0.0901,-0.1635, -0.4492,0.5406,0.2899,0.6496, 31.9931,28.8208,38.0524
sensor, 0.2981,0.3116,0.2190, -0.0098,0.0901,-0.1635, -0.4494,0.5406,0.2896,0.6496, 31.9931,28.8208,38.0524
sensor, 0.3271,0.3397,0.1945, -0.0002,0.0858,-0.1603, -0.4496,0.5405,0.2893,0.6497, 31.9931,28.8208,38.0524
sensor, 0.3876,0.4431,0.1786, 0.0116,0.0794,-0.1550, -0.4497,0.5405,0.2890,0.6497, 31.9931,28.8208,38.0524
sensor, 0.4503,0.4646,0.1620, 0.0318,0.0656,-0.1529, -0.4498,0.5405,0.2887,0.6498, 31.2943,28.8208,36.6928
sensor, 0.4462,0.4862,0.2300, 0.0456,0.0560,-0.1571, -0.4498,0.5406,0.2883,0.6499, 31.2943,28.8208,36.6928
sensor, 0.4236,0.4907,0.2094, 0.0456,0.0560,-0.1571, -0.4499,0.5405,0.2879,0.6500, 31.2943,28.8208,36.6928
sensor, 0.3714,0.5399,0.1837, 0.0595,0.0496,-0.1635, -0.4500,0.5405,0.2875,0.6501, 31.2943,28.8208,36.6928
sensor, 0.3135,0.4851,0.1910, 0.0723,0.0432,-0.1699, -0.4501,0.5405,0.2871,0.6503, 30.5954,28.8208,38.0524
sensor, 0.2527,0.4662,0.2183, 0.0882,0.0411,-0.1742, -0.4502,0.5404,0.2867,0.6505, 30.5954,28.8208,38.0524
sensor, 0.1797,0.4537,0.1687, 0.0989,0.0411,-0.1795, -0.4502,0.5404,0.2862,0.6507, 30.5954,28.8208,38.0524
sensor, 0.1395,0.3375,0.1193, 0.1106,0.0464,-0.1816, -0.4503,0.5403,0.2857,0.6509, 30.5954,28.8208,38.0524
sensor, 0.0864,0.2885,0.1831, 0.1202,0.0517,-0.1795, -0.4503,0.5403,0.2852,0.6511, 30.5954,27.4231,38.0524
sensor, 0.0600,0.2338,0.1933, 0.1277,0.0581,-0.1710, -0.4505,0.5402,0.2848,0.6512, 30.5954,27.4231,38.0524
sensor, 0.0800,0.2321,0.1820, 0.1373,0.0613,-0.1656, -0.4505,0.5402,0.2843,0.6514, 30.5954,27.4231,38.0524
sensor, 0.0985,0.1820,0.1805, 0.1404,0.0635,-0.1614, -0.4505,0.5403,0.2838,0.6516, 30.5954,27.4231,38.0524
sensor, 0.0617,0.1710,0.1754, 0.1458,0.0688,-0.1593, -0.4505,0.5403,0.2833,0.6518, 31.2943,26.7258,36.6928
sensor, 0.0987,0.1698,0.1494, 0.1532,0.0826,-0.1614, -0.4507,0.5402,0.2829,0.6519, 31.2943,26.7258,36.6928
sensor, 0.0909,0.0658,0.1163, 0.1564,0.0911,-0.1603, -0.4507,0.5403,0.2824,0.6521, 31.2943,26.7258,36.6928
sensor, 0.1398,0.0297,0.1803, 0.1575,0.0965,-0.1593, -0.4507,0.5404,0.2818,0.6523, 31.2943,26.7258,36.6928
sensor, 0.1635,-0.0288,0.1493, 0.1575,0.0975,-0.1582, -0.4507,0.5405,0.2812,0.6525, 31.2943,28.8208,36.0123
sensor, 0.2195,-0.0294,0.1534, 0.1543,0.0943,-0.1582, -0.4507,0.5405,0.2806,0.6526, 31.2943,28.8208,36.0123
sensor, 0.2283,-0.0675,0.1086, 0.1543,0.0943,-0.1582, -0.4507,0.5406,0.2800,0.6528, 31.2943,28.8208,36.0123
sensor, 0.2246,-0.0970,0.1287, 0.1415,0.0933,-0.1656, -0.4508,0.5407,0.2795,0.6530, 31.2943,28.8208,36.0123
sensor, 0.2262,-0.0848,0.1193, 0.1330,0.0922,-0.1688, -0.4509,0.5407,0.2789,0.6531, 31.2943,28.1219,38.0524
sensor, 0.2179,-0.1185,0.1906, 0.1330,0.0922,-0.1688, -0.4511,0.5406,0.2785,0.6532, 31.2943,28.1219,38.0524
sensor, 0.2191,-0.1333,0.1586, 0.1277,0.0965,-0.1699, -0.4512,0.5407,0.2779,0.6534, 31.2943,28.1219,38.0524
sensor, 0.2300,-0.1305,0.1416, 0.1213,0.0880,-0.1699, -0.4513,0.5407,0.2774,0.6535, 31.2943,28.1219,38.0524
sensor, 0.2751,-0.1570,0.1365, 0.1149,0.0826,-0.1678, -0.4514,0.5407,0.2769,0.6536, 29.8981,28.8208,38.7314
sensor, 0.2563,-0.1878,0.1517, 0.1096,0.0773,-0.1656, -0.4516,0.5406,0.2764,0.6537, 29.8981,28.8208,38.7314
sensor, 0.2698,-0.1996,0.1177, 0.1096,0.0773,-0.1656, -0.4517,0.5406,0.2759,0.6539, 29.8981,28.8208,38.7314
sensor, 0.2156,-0.3054,0.1111, 0.0946,0.0752,-0.1571, -0.4519,0.5406,0.2754,0.6540, 29.8981,28.8208,38.7314
sensor, 0.1687,-0.2987,0.0850, 0.0851,0.0720,-0.1507, -0.4520,0.5405,0.2750,0.6541, 31.2943,28.8208,38.0524
sensor, 0.1262,-0.3249,0.1557, 0.0851,0.0720,-0.1507, -0.4523,0.5404,0.2747,0.6542, 31.2943,28.8208,38.0524
sensor, 0.1144,-0.3591,0.1003, 0.0648,0.0773,-0.1316, -0.4524,0.5404,0.2742,0.6543, 31.2943,28.8208,38.0524
sensor, 0.1282,-0.3698,0.1246, 0.0542,0.0794,-0.1220, -0.4526,0.5404,0.2738,0.6544, 31.2943,28.8208,38.0524
sensor, 0.1878,-0.3283,0.1416, 0.0446,0.0805,-0.1156, -0.4527,0.5404,0.2735,0.6544, 29.8981,29.5181,38.7314
sensor, 0.1574,-0.2847,0.1326, 0.0361,0.0784,-0.1081, -0.4530,0.5403,0.2732,0.6544, 29.8981,29.5181,38.7314
sensor, 0.1798,-0.3229,0.1516, 0.0286,0.0794,-0.1007, -0.4532,0.5403,0.2729,0.6544, 29.8981,29.5181,38.7314
sensor, 0.2133,-0.2679,0.1208, 0.0222,0.0816,-0.0932, -0.4533,0.5403,0.2726,0.6544, 29.8981,29.5181,38.7314
sensor, 0.2497,-0.2524,0.1783, 0.0158,0.0805,-0.0921, -0.4535,0.5403,0.2723,0.6544, 31.2943,29.5181,38.7314
sensor, 0.3254,-0.1840,0.1626, 0.0137,0.0762,-0.0943, -0.4538,0.5402,0.2722,0.6543, 31.2943,29.5181,38.7314
sensor, 0.3362,-0.0953,0.1135, 0.0116,0.0709,-0.0932, -0.4540,0.5402,0.2720,0.6543, 31.2943,29.5181,38.7314
sensor, 0.3364,-0.0555,0.1551, 0.0116,0.0709,-0.0932, -0.4541,0.5402,0.2717,0.6543, 31.2943,29.5181,38.7314
sensor, 0.3050,-0.0571,0.1470, 0.0062,0.0624,-0.0996, -0.4543,0.5402,0.2715,0.6543, 29.1992,27.4231,37.3718
sensor, 0.2491,-0.0544,0.1976, 0.0041,0.0592,-0.1028, -0.4547,0.5400,0.2714,0.6542, 29.1992,27.4231,37.3718
sensor, 0.2449,-0.0315,0.1708, 0.0020,0.0592,-0.0996, -0.4548,0.5400,0.2712,0.6542, 29.1992,27.4231,37.3718
sensor, 0.2513,0.0271,0.1592, 0.0020,0.0592,-0.0996, -0.4550,0.5399,0.2710,0.6542, 29.1992,27.4231,37.3718
sensor, 0.2684,0.0633,0.1590, -0.0002,0.0592,-0.0996, -0.4552,0.5399,0.2707,0.6542, 30.5954,28.8208,39.4104
sensor, 0.2895,0.0449,0.1784, 0.0030,0.0581,-0.0964, -0.4555,0.5397,0.2707,0.6541, 30.5954,28.8208,39.4104
sensor, 0.3111,0.0683,0.1849, 0.0030,0.0581,-0.0921, -0.4557,0.5397,0.2705,0.6541, 30.5954,28.8208,39.4104
sensor, 0.2791,0.0514,0.2122, 0.0052,0.0560,-0.0890, -0.4558,0.5397,0.2703,0.6541, 30.5954,28.8208,39.4104
sensor, 0.2738,0.0981,0.2128, 0.0126,0.0443,-0.0772, -0.4560,0.5397,0.2701,0.6541, 29.1992,30.2170,38.7314
sensor, 0.2909,0.1535,0.2151, 0.0179,0.0432,-0.0751, -0.4561,0.5396,0.2700,0.6542, 29.1992,30.2170,38.7314
sensor, 0.2273,0.2265,0.2308, 0.0243,0.0443,-0.0772, -0.4562,0.5396,0.2698,0.6542, 29.1992,30.2170,38.7314
sensor, 0.1999,0.2550,0.2373, 0.0243,0.0443,-0.0772, -0.4563,0.5396,0.2696,0.6542, 29.1992,30.2170,38.7314
sensor, 0.2267,0.2496,0.2392, 0.0318,0.0485,-0.0804, -0.4563,0.5396,0.2694,0.6542, 30.5954,29.5181,38.0524
sensor, 0.1693,0.2041,0.2210, 0.0424,0.0517,-0.0783, -0.4565,0.5396,0.2692,0.6542, 30.5954,29.5181,38.0524
sensor, 0.1242,0.1877,0.2578, 0.0659,0.0560,-0.0581, -0.4565,0.5396,0.2690,0.6543, 30.5954,29.5181,38.0524
sensor, 0.1264,0.2494,0.1835, 0.0659,0.0560,-0.0581, -0.4565,0.5397,0.2688,0.6544, 30.5954,29.5181,38.0524
sensor, 0.1737,0.2992,0.2138, 0.0701,0.0656,-0.0751, -0.4565,0.5397,0.2685,0.6544, 30.5954,29.5181,37.3718
sensor, 0.2678,0.3029,0.1844, 0.0691,0.0688,-0.0879, -0.4566,0.5397,0.2682,0.6544, 30.5954,29.5181,37.3718
sensor, 0.2982,0.3338,0.2165, 0.0808,0.0645,-0.0985, -0.4566,0.5398,0.2679,0.6545, 30.5954,29.5181,37.3718
sensor, 0.3095,0.3507,0.2005, 0.0808,0.0645,-0.0985, -0.4565,0.5399,0.2676,0.6546, 30.5954,29.5181,37.3718
sensor, 0.3263,0.3585,0.2581, 0.1021,0.0560,-0.1113, -0.4564,0.5399,0.2673,0.6547, 30.5954,30.2170,37.3718
sensor, 0.3077,0.4171,0.2503, 0.1191,0.0517,-0.1220, -0.4564,0.5399,0.2671,0.6549, 30.5954,30.2170,37.3718
sensor, 0.2933,0.4832,0.2080, 0.1340,0.0528,-0.1326, -0.4562,0.5400,0.2667,0.6551, 30.5954,30.2170,37.3718
sensor, 0.2711,0.4459,0.2395, 0.1340,0.0528,-0.1326, -0.4560,0.5401,0.2663,0.6553, 30.5954,30.2170,37.3718
sensor, 0.2349,0.4361,0.1927, 0.1543,0.0571,-0.1465, -0.4559,0.5401,0.2659,0.6555, 29.8981,28.8208,38.7314
sensor, 0.1541,0.4169,0.1760, 0.1628,0.0592,-0.1412, -0.4559,0.5401,0.2657,0.6557, 29.8981,28.8208,38.7314
sensor, 0.1237,0.3311,0.1934, 0.1703,0.0603,-0.1337, -0.4557,0.5402,0.2652,0.6559, 29.8981,28.8208,38.7314
sensor, 0.1476,0.2771,0.2032, 0.1703,0.0603,-0.1337, -0.4555,0.5403,0.2647,0.6562, 29.8981,28.8208,38.7314
sensor, 0.2215,0.2330,0.1819, 0.1809,0.0485,-0.1316, -0.4553,0.5403,0.2643,0.6564, 29.8981,28.8208,38.7314
sensor, 0.2535,0.2436,0.1844, 0.1809,0.0485,-0.1316, -0.4553,0.5402,0.2640,0.6566, 29.8981,28.8208,38.7314
sensor, 0.2581,0.2122,0.1337, 0.1948,0.0421,-0.1369, -0.4552,0.5403,0.2636,0.6569, 29.8981,28.8208,38.7314
sensor, 0.2229,0.2164,0.1559, 0.1948,0.0421,-0.1369, -0.4550,0.5403,0.2631,0.6571, 29.8981,28.8208,38.7314
sensor, 0.1839,0.1452,0.1618, 0.2033,0.0390,-0.1379, -0.4548,0.5403,0.2626,0.6574, 29.1992,30.2170,38.0524
sensor, 0.1689,0.1098,0.1536, 0.2033,0.0390,-0.1379, -0.4547,0.5403,0.2621,0.6577, 29.1992,30.2170,38.0524
sensor, 0.1185,0.0033,0.1403, 0.2012,0.0464,-0.1337, -0.4545,0.5403,0.2616,0.6580, 29.1992,30.2170,38.0524
sensor, 0.0687,-0.1203,0.1014, 0.2012,0.0464,-0.1337, -0.4544,0.5403,0.2611,0.6583, 29.1992,30.2170,38.0524
sensor, -0.0076,-0.1810,0.1253, 0.1916,0.0475,-0.1145, -0.4543,0.5403,0.2606,0.6586, 29.8981,30.2170,36.6928
sensor, 0.0041,-0.2165,0.1629, 0.1916,0.0475,-0.1145, -0.4543,0.5402,0.2602,0.6588, 29.8981,30.2170,36.6928
sensor, 0.0652,-0.2597,0.1185, 0.1788,0.0496,-0.1028, -0.4543,0.5402,0.2597,0.6591, 29.8981,30.2170,36.6928
sensor, 0.0942,-0.2619,0.1249, 0.1788,0.0496,-0.1028, -0.4541,0.5403,0.2592,0.6593, 29.8981,30.2170,36.6928
sensor, 0.0910,-0.2655,0.0926, 0.1681,0.0539,-0.0975, -0.4541,0.5403,0.2588,0.6595, 29.1992,29.5181,37.3718
sensor, 0.1293,-0.2554,0.1459, 0.1607,0.0549,-0.0953, -0.4541,0.5403,0.2585,0.6596, 29.1992,29.5181,37.3718
sensor, 0.1294,-0.2716,0.1273, 0.1607,0.0549,-0.0953, -0.4540,0.5403,0.2580,0.6598, 29.1992,29.5181,37.3718
sensor, 0.1770,-0.2963,0.0873, 0.1447,0.0613,-0.0921, -0.4540,0.5404,0.2576,0.6600, 29.1992,29.5181,37.3718
sensor, 0.1811,-0.3162,0.0693, 0.1373,0.0549,-0.0911, -0.4539,0.5404,0.2572,0.6601, 29.1992,30.9158,36.6928
sensor, 0.2045,-0.3235,0.0693, 0.1373,0.0549,-0.0911, -0.4539,0.5405,0.2568,0.6602, 29.1992,30.9158,36.6928
sensor, 0.2365,-0.3168,0.0854, 0.1266,0.0517,-0.0868, -0.4539,0.5405,0.2564,0.6604, 29.1992,30.9158,36.6928
sensor, 0.2284,-0.3418,0.0861, 0.1000,0.0443,-0.0836, -0.4539,0.5405,0.2561,0.6605, 29.1992,30.9158,36.6928
sensor, 0.2641,-0.3562,0.0619, 0.1000,0.0443,-0.0836, -0.4539,0.5405,0.2558,0.6606, 29.1992,30.2170,38.0524
sensor, 0.2423,-0.3678,0.0362, 0.0765,0.0400,-0.0751, -0.4541,0.5404,0.2554,0.6607, 29.1992,30.2170,38.0524
sensor, 0.2258,-0.3894,0.0069, 0.0605,0.0400,-0.0719, -0.4541,0.5404,0.2554,0.6607, 29.1992,30.2170,38.0524
sensor, 0.1864,-0.4410,0.0393, 0.0605,0.0400,-0.0719, -0.4541,0.5404,0.2551,0.6608, 29.1992,30.2170,38.0524
sensor, 0.1677,-0.4202,0.0657, 0.0350,0.0336,-0.0495, -0.4542,0.5404,0.2549,0.6608, 29.1992,30.2170,36.6928
sensor, 0.2137,-0.4345,0.0471, 0.0265,0.0283,-0.0368, -0.4544,0.5403,0.2548,0.6608, 29.1992,30.2170,36.6928
sensor, 0.2196,-0.4162,0.0717, 0.0265,0.0283,-0.0368, -0.4544,0.5403,0.2547,0.6609, 29.1992,30.2170,36.6928
sensor, 0.2536,-0.3697,0.0510, 0.0073,0.0176,-0.0325, -0.4545,0.5403,0.2546,0.6609, 29.1992,30.2170,36.6928
sensor, 0.2625,-0.2758,0.0697, -0.0023,0.0176,-0.0325, -0.4546,0.5402,0.2545,0.6609, 29.8981,30.2170,38.0524
sensor, 0.2394,-0.2694,0.0442, -0.0087,0.0208,-0.0304, -0.4548,0.5400,0.2546,0.6608, 29.8981,30.2170,38.0524
sensor, 0.1782,-0.2617,0.0647, -0.0087,0.0208,-0.0304, -0.4549,0.5400,0.2546,0.6608, 29.8981,30.2170,38.0524
sensor, 0.1417,-0.2226,0.0811, -0.0140,0.0208,-0.0261, -0.4550,0.5400,0.2545,0.6608, 29.8981,30.2170,38.0524
sensor, 0.1429,-0.1627,0.0409, -0.0193,0.0176,-0.0208, -0.4551,0.5400,0.2545,0.6607, 29.1992,29.5181,38.0524
sensor, 0.1327,-0.1122,0.0687, -0.0225,0.0198,-0.0250, -0.4554,0.5398,0.2547,0.6606, 29.1992,29.5181,38.0524
sensor, 0.1827,-0.0319,0.0420, -0.0257,0.0240,-0.0314, -0.4555,0.5397,0.2547,0.6606, 29.1992,29.5181,38.0524
sensor, 0.2260,-0.0715,0.0255, -0.0289,0.0262,-0.0389, -0.4556,0.5397,0.2546,0.6605, 29.1992,29.5181,38.0524
sensor, 0.1983,-0.0482,0.0207, -0.0289,0.0262,-0.0389, -0.4557,0.5397,0.2546,0.6605, 31.2943,29.5181,37.3718
sensor, 0.1955,-0.0499,0.0230, -0.0364,0.0283,-0.0442, -0.4561,0.5395,0.2548,0.6603, 31.2943,29.5181,37.3718
sensor, 0.1293,-0.0328,0.0220, -0.0385,0.0294,-0.0431, -0.4562,0.5394,0.2547,0.6603, 31.2943,29.5181,37.3718
sensor, 0.1434,-0.0505,0.0476, -0.0417,0.0283,-0.0357, -0.4564,0.5394,0.2547,0.6602, 31.2943,29.5181,37.3718
sensor, 0.1663,-0.0326,0.0812, -0.0385,0.0294,-0.0282, -0.4565,0.5394,0.2546,0.6602, 28.5004,30.9158,37.3718
sensor, 0.1501,0.0084,0.0394, -0.0385,0.0294,-0.0282, -0.4567,0.5393,0.2547,0.6601, 28.5004,30.9158,37.3718
sensor, 0.1488,0.0211,0.0430, -0.0343,0.0304,-0.0186, -0.4568,0.5393,0.2546,0.6600, 28.5004,30.9158,37.3718
sensor, 0.0945,0.0623,0.0798, -0.0257,0.0315,-0.0005, -0.4569,0.5393,0.2546,0.6600, 28.5004,30.9158,37.3718
sensor, 0.1515,0.0512,0.0992, -0.0257,0.0315,-0.0005, -0.4569,0.5394,0.2546,0.6599, 29.8981,29.5181,38.0524
sensor, 0.2346,0.0986,0.0658, -0.0204,0.0336,0.0112, -0.4572,0.5392,0.2549,0.6597, 29.8981,29.5181,38.0524
sensor, 0.2964,0.1519,0.0472, -0.0087,0.0294,0.0208, -0.4572,0.5393,0.2549,0.6597, 29.8981,29.5181,38.0524
sensor, 0.3366,0.1506,0.0773, -0.0034,0.0294,0.0197, -0.4572,0.5394,0.2549,0.6596, 29.8981,29.5181,38.0524
sensor, 0.3100,0.1675,0.0857, 0.0041,0.0230,0.0186, -0.4572,0.5394,0.2549,0.6595, 29.1992,30.9158,38.0524
sensor, 0.2849,0.1462,0.1190, 0.0137,0.0219,0.0186, -0.4572,0.5395,0.2551,0.6595, 29.1992,30.9158,38.0524
sensor, 0.2316,0.1373,0.1581, 0.0137,0.0219,0.0186, -0.4572,0.5395,0.2551,0.6595, 29.1992,30.9158,38.0524
sensor, 0.2109,0.0937,0.1352, 0.0318,0.0198,0.0314, -0.4571,0.5395,0.2551,0.6595, 29.1992,30.9158,38.0524
sensor, 0.2410,0.0933,0.1314, 0.0403,0.0134,0.0421, -0.4570,0.5396,0.2551,0.6595, 29.8981,31.6147,38.0524
sensor, 0.2408,0.0377,0.1247, 0.0403,0.0134,0.0421, -0.4569,0.5396,0.2552,0.6595, 29.8981,31.6147,38.0524
sensor, 0.2265,0.0021,0.0943, 0.0552,0.0070,0.0676, -0.4567,0.5396,0.2552,0.6596, 29.8981,31.6147,38.0524
sensor, 0.2813,0.0411,0.1059, 0.0595,0.0017,0.0730, -0.4566,0.5397,0.2553,0.6596, 29.8981,31.6147,38.0524
sensor, 0.2745,0.0026,0.1217, 0.0574,-0.0058,0.0730, -0.4564,0.5398,0.2554,0.6596, 29.8981,31.6147,36.6928
sensor, 0.3324,0.0053,0.1334, 0.0520,-0.0132,0.0676, -0.4562,0.5398,0.2554,0.6597, 29.8981,31.6147,36.6928
sensor, 0.3112,-0.0051,0.0807, 0.0520,-0.0132,0.0676, -0.4561,0.5398,0.2555,0.6598, 29.8981,31.6147,36.6928
sensor, 0.3334,-0.0250,0.0932, 0.0478,-0.0207,0.0549, -0.4559,0.5398,0.2556,0.6598, 29.8981,31.6147,36.6928
sensor, 0.3149,-0.0250,0.1275, 0.0392,-0.0239,0.0357, -0.4558,0.5398,0.2556,0.6599, 29.1992,30.9158,36.6928
sensor, 0.2890,-0.0842,0.1577, 0.0392,-0.0239,0.0357, -0.4557,0.5397,0.2557,0.6600, 29.1992,30.9158,36.6928
sensor, 0.2819,-0.0700,0.1361, 0.0339,-0.0345,0.0218, -0.4557,0.5396,0.2558,0.6601, 29.1992,30.9158,36.6928
sensor, 0.3032,-0.1227,0.1676, 0.0307,-0.0388,0.0154, -0.4556,0.5395,0.2558,0.6602, 29.1992,30.9158,36.6928
sensor, 0.2765,-0.1018,0.1136, 0.0307,-0.0420,0.0133, -0.4556,0.5394,0.2559,0.6603, 29.1992,30.2170,36.6928
sensor, 0.1934,-0.1348,0.1439, 0.0275,-0.0463,0.0122, -0.4556,0.5392,0.2560,0.6604, 29.1992,30.2170,36.6928
sensor, 0.1177,-0.1742,0.1429, 0.0275,-0.0463,0.0122, -0.4556,0.5390,0.2561,0.6605, 29.1992,30.2170,36.6928
sensor, 0.0697,-0.1826,0.1908, 0.0126,-0.0377,0.0080, -0.4556,0.5389,0.2561,0.6607, 29.1992,30.2170,36.6928
sensor, 0.1347,-0.1421,0.1676, 0.0020,-0.0367,0.0037, -0.4556,0.5387,0.2562,0.6608, 29.8981,30.9158,38.7314
sensor, 0.1431,-0.1239,0.1429, 0.0020,-0.0367,0.0037, -0.4558,0.5384,0.2564,0.6608, 29.8981,30.9158,38.7314
sensor, 0.1260,-0.1361,0.1082, -0.0055,-0.0356,-0.0016, -0.4558,0.5382,0.2565,0.6609, 29.8981,30.9158,38.7314
sensor, 0.0713,-0.1457,0.1500, -0.0204,-0.0335,-0.0122, -0.4559,0.5381,0.2565,0.6609, 29.8981,30.9158,38.7314
sensor, -0.0151,-0.1491,0.0992, -0.0204,-0.0335,-0.0122, -0.4560,0.5379,0.2566,0.6610, 29.1992,29.5181,38.0524
sensor, -0.0338,-0.1796,0.1338, -0.0311,-0.0282,-0.0080, -0.4562,0.5376,0.2569,0.6610, 29.1992,29.5181,38.0524
sensor, -0.0159,-0.2112,0.1752, -0.0492,-0.0218,0.0048, -0.4563,0.5374,0.2570,0.6610, 29.1992,29.5181,38.0524
sensor, -0.0070,-0.1681,0.1287, -0.0566,-0.0175,0.0091, -0.4564,0.5372,0.2571,0.6610, 29.1992,29.5181,38.0524
sensor, -0.0097,-0.1417,0.1232, -0.0566,-0.0175,0.0091, -0.4566,0.5371,0.2573,0.6610, 30.5954,30.2170,38.0524
sensor, -0.0099,-0.1583,0.1499, -0.0620,-0.0154,0.0133, -0.4568,0.5368,0.2576,0.6609, 30.5954,30.2170,38.0524
sensor, -0.0009,-0.0751,0.1997, -0.0705,-0.0111,0.0197, -0.4570,0.5367,0.2578,0.6608, 30.5954,30.2170,38.0524
sensor, -0.0101,-0.1129,0.1730, -0.0705,-0.0111,0.0197, -0.4571,0.5366,0.2579,0.6608, 30.5954,30.2170,38.0524
sensor, 0.0302,-0.0678,0.1835, -0.0747,-0.0101,0.0208, -0.4572,0.5364,0.2581,0.6608, 28.5004,30.2170,38.7314
sensor, 0.0667,-0.0305,0.1534, -0.0801,-0.0068,0.0218, -0.4574,0.5362,0.2585,0.6607, 28.5004,30.2170,38.7314
sensor, 0.0543,-0.0073,0.1818, -0.0843,-0.0037,0.0186, -0.4575,0.5361,0.2587,0.6606, 28.5004,30.2170,38.7314
sensor, 0.0690,0.0257,0.1757, -0.0811,-0.0058,0.0186, -0.4576,0.5360,0.2588,0.6605, 28.5004,30.2170,38.7314
sensor, 0.0254,0.0252,0.2061, -0.0779,-0.0058,0.0186, -0.4577,0.5359,0.2590,0.6605, 29.1992,31.6147,38.0524
sensor, 0.0104,0.0417,0.2003, -0.0779,-0.0058,0.0186, -0.4578,0.5358,0.2592,0.6604, 29.1992,31.6147,38.0524
sensor, -0.0197,0.0063,0.1948, -0.0769,-0.0005,0.0186, -0.4579,0.5357,0.2594,0.6604, 29.1992,31.6147,38.0524
sensor, -0.0186,0.0076,0.1844, -0.0779,0.0049,0.0197, -0.4579,0.5356,0.2596,0.6603, 29.1992,31.6147,38.0524
sensor, -0.0039,0.0080,0.1936, -0.0801,0.0166,0.0357, -0.4580,0.5356,0.2598,0.6602, 29.1992,31.6147,38.0524
sensor, 0.0135,0.0445,0.1814, -0.0747,0.0145,0.0421, -0.4581,0.5355,0.2600,0.6601, 29.1992,31.6147,38.0524
sensor, 0.0174,0.0662,0.1411, -0.0705,0.0145,0.0485, -0.4581,0.5355,0.2601,0.6600, 29.1992,31.6147,38.0524
sensor, 0.0624,0.0733,0.1468, -0.0705,0.0145,0.0485, -0.4582,0.5355,0.2603,0.6599, 29.1992,31.6147,38.0524
sensor, 0.0548,0.0783,0.1726, -0.0598,0.0219,0.0559, -0.4582,0.5355,0.2605,0.6598, 29.1992,31.6147,37.3718
sensor, 0.0442,0.0548,0.1290, -0.0556,0.0198,0.0570, -0.4581,0.5356,0.2607,0.6598, 29.1992,31.6147,37.3718
sensor, 0.0953,0.0763,0.1146, -0.0513,0.0198,0.0570, -0.4581,0.5356,0.2609,0.6597, 29.1992,31.6147,37.3718
sensor, 0.1290,0.1104,0.1239, -0.0492,0.0240,0.0581, -0.4581,0.5357,0.2610,0.6596, 29.1992,31.6147,37.3718
sensor, 0.0930,0.1019,0.0799, -0.0417,0.0251,0.0602, -0.4581,0.5357,0.2612,0.6595, 29.8981,30.2170,37.3718
sensor, 0.1098,0.0964,0.0677, -0.0406,0.0251,0.0602, -0.4582,0.5358,0.2614,0.6593, 29.8981,30.2170,37.3718
sensor, 0.1247,0.1248,0.0911, -0.0353,0.0240,0.0602, -0.4581,0.5358,0.2616,0.6592, 29.8981,30.2170,37.3718
sensor, 0.1155,0.1012,0.0891, -0.0311,0.0262,0.0634, -0.4581,0.5359,0.2617,0.6591, 29.8981,30.2170,37.3718
sensor, 0.1020,0.0419,0.0762, -0.0279,0.0283,0.0687, -0.4580,0.5360,0.2619,0.6590, 29.8981,30.9158,38.7314
sensor, 0.1139,0.0918,0.0578, -0.0225,0.0251,0.0730, -0.4581,0.5360,0.2621,0.6589, 29.8981,30.9158,38.7314
sensor, 0.1343,0.0757,0.1097, -0.0161,0.0230,0.0740, -0.4580,0.5361,0.2622,0.6588, 29.8981,30.9158,38.7314
sensor, 0.1890,0.0779,0.0576, -0.0161,0.0230,0.0740, -0.4579,0.5362,0.2624,0.6587, 29.8981,30.9158,38.7314
sensor, 0.1963,0.1086,0.0788, -0.0130,0.0166,0.0719, -0.4578,0.5363,0.2625,0.6587, 29.1992,30.2170,37.3718
sensor, 0.2008,0.1090,0.0757, -0.0066,0.0113,0.0719, -0.4578,0.5364,0.2627,0.6586, 29.1992,30.2170,37.3718
sensor, 0.1535,0.1179,0.0876, 0.0030,0.0145,0.0762, -0.4577,0.5365,0.2628,0.6585, 29.1992,30.2170,37.3718
sensor, 0.1336,0.0402,0.0808, 0.0052,0.0123,0.0783, -0.4574,0.5367,0.2631,0.6584, 29.1992,30.2170,37.3718
sensor, 0.1307,0.0231,0.0708, 0.0073,0.0059,0.0783, -0.4574,0.5367,0.2631,0.6584, 29.1992,29.5181,37.3718
sensor, 0.1680,0.0165,0.0441, 0.0052,0.0006,0.0783, -0.4574,0.5367,0.2633,0.6584, 29.1992,29.5181,37.3718
sensor, 0.2263,0.0007,0.0437, 0.0041,-0.0047,0.0740, -0.4573,0.5367,0.2634,0.6583, 29.1992,29.5181,37.3718
sensor, 0.1964,0.0850,0.0720, 0.0020,-0.0079,0.0698, -0.4572,0.5368,0.2636,0.6583, 29.1992,29.5181,37.3718
sensor, 0.1677,0.0646,0.0061, 0.0009,-0.0058,0.0708, -0.4571,0.5368,0.2637,0.6583, 30.5954,29.5181,38.0524
sensor, 0.1101,0.0014,0.0039, -0.0044,-0.0047,0.0698, -0.4571,0.5368,0.2640,0.6582, 30.5954,29.5181,38.0524
sensor, 0.0192,-0.0080,0.0023, -0.0044,-0.0047,0.0698, -0.4571,0.5368,0.2641,0.6581, 30.5954,29.5181,38.0524
sensor, 0.0497,-0.0349,0.0261, -0.0130,-0.0037,0.0804, -0.4569,0.5370,0.2644,0.6580, 30.5954,29.5181,38.0524
sensor, 0.0815,-0.0793,-0.0050, -0.0130,-0.0037,0.0804, -0.4569,0.5370,0.2644,0.6580, 29.8981,29.5181,37.3718
sensor, 0.1489,-0.0452,0.0028, -0.0172,-0.0058,0.0847, -0.4569,0.5369,0.2647,0.6579, 29.8981,29.5181,37.3718
sensor, 0.2113,0.0224,0.0201, -0.0204,-0.0058,0.0836, -0.4569,0.5370,0.2649,0.6578, 29.8981,29.5181,37.3718
sensor, 0.2801,0.0972,0.0261, -0.0225,-0.0154,0.0708, -0.4568,0.5370,0.2651,0.6578, 29.8981,29.5181,37.3718
sensor, 0.2444,0.0733,0.0305, -0.0225,-0.0164,0.0644, -0.4568,0.5370,0.2652,0.6577, 29.1992,30.2170,37.3718
sensor, 0.2236,0.1168,0.0269, -0.0215,-0.0207,0.0570, -0.4567,0.5370,0.2654,0.6577, 29.1992,30.2170,37.3718
sensor, 0.1913,0.1313,0.0490, -0.0215,-0.0207,0.0570, -0.4566,0.5371,0.2656,0.6577, 29.1992,30.2170,37.3718
sensor, 0.1785,0.1194,0.0854, -0.0225,-0.0250,0.0485, -0.4566,0.5371,0.2657,0.6576, 29.1992,30.2170,37.3718
sensor, 0.1452,0.1532,0.0423, -0.0247,-0.0271,0.0410, -0.4565,0.5370,0.2659,0.6576, 28.5004,29.5181,37.3718
sensor, 0.1596,0.1352,0.0516, -0.0204,-0.0303,0.0282, -0.4565,0.5370,0.2661,0.6576, 28.5004,29.5181,37.3718
sensor, 0.1402,0.1289,0.0895, -0.0204,-0.0303,0.0282, -0.4564,0.5370,0.2662,0.6576, 28.5004,29.5181,37.3718
sensor, 0.1675,0.1044,0.1045, -0.0204,-0.0303,0.0218, -0.4564,0.5369,0.2663,0.6577, 28.5004,29.5181,37.3718
sensor, 0.1800,0.0951,0.1013, -0.0172,-0.0303,0.0154, -0.4563,0.5369,0.2665,0.6577, 28.5004,29.5181,39.4104
sensor, 0.1769,0.0681,0.0907, -0.0193,-0.0367,0.0144, -0.4564,0.5367,0.2667,0.6577, 28.5004,29.5181,39.4104
sensor, 0.1629,0.0422,0.1072, -0.0183,-0.0420,0.0144, -0.4564,0.5366,0.2668,0.6577, 28.5004,29.5181,39.4104
sensor, 0.1333,0.0323,0.1447, -0.0183,-0.0420,0.0144, -0.4563,0.5365,0.2669,0.6577, 28.5004,29.5181,39.4104
sensor, 0.0624,0.0481,0.1275, -0.0193,-0.0495,0.0197, -0.4563,0.5364,0.2671,0.6578, 28.5004,29.5181,38.7314
sensor, 0.0139,0.0248,0.1117, -0.0193,-0.0484,0.0250, -0.4563,0.5362,0.2674,0.6578, 28.5004,29.5181,38.7314
sensor, -0.0118,0.0391,0.1430, -0.0193,-0.0484,0.0250, -0.4562,0.5360,0.2677,0.6579, 28.5004,29.5181,38.7314
sensor, -0.0266,0.0438,0.1083, -0.0161,-0.0452,0.0325, -0.4562,0.5360,0.2677,0.6579, 28.5004,29.5181,38.7314
sensor, -0.0326,0.0744,0.1599, -0.0130,-0.0473,0.0378, -0.4561,0.5360,0.2678,0.6580, 29.8981,30.2170,38.0524
sensor, -0.0515,0.0513,0.1331, -0.0055,-0.0452,0.0421, -0.4560,0.5359,0.2681,0.6580, 29.8981,30.2170,38.0524
sensor, -0.0353,0.0621,0.1297, -0.0055,-0.0452,0.0421, -0.4559,0.5358,0.2682,0.6581, 29.8981,30.2170,38.0524
sensor, -0.0017,0.0922,0.1506, -0.0034,-0.0431,0.0442, -0.4558,0.5358,0.2684,0.6581, 29.8981,30.2170,38.0524
sensor, -0.0467,0.0879,0.1170, -0.0034,-0.0367,0.0442, -0.4557,0.5358,0.2685,0.6582, 27.8030,30.2170,37.3718
sensor, -0.0537,0.0627,0.1418, 0.0009,-0.0250,0.0453, -0.4555,0.5358,0.2686,0.6582, 27.8030,30.2170,37.3718
sensor, -0.0308,0.0643,0.1479, 0.0009,-0.0250,0.0453, -0.4554,0.5358,0.2688,0.6583, 27.8030,30.2170,37.3718
sensor, -0.0235,0.0670,0.1267, 0.0062,-0.0186,0.0506, -0.4552,0.5358,0.2689,0.6583, 27.8030,30.2170,37.3718
sensor, -0.0220,0.0889,0.1281, 0.0094,-0.0143,0.0517, -0.4551,0.5358,0.2691,0.6583, 30.5954,30.2170,38.0524
sensor, -0.0180,0.0868,0.1261, 0.0094,-0.0101,0.0495, -0.4550,0.5358,0.2692,0.6583, 30.5954,30.2170,38.0524
sensor, -0.0276,0.0789,0.1231, 0.0094,-0.0079,0.0442, -0.4549,0.5358,0.2694,0.6583, 30.5954,30.2170,38.0524
sensor, -0.0651,0.0830,0.1175, 0.0094,-0.0079,0.0442, -0.4548,0.5359,0.2695,0.6583, 30.5954,30.2170,38.0524
sensor, -0.0522,0.0573,0.1141, 0.0105,0.0070,0.0325, -0.4546,0.5359,0.2695,0.6584, 29.8981,29.5181,38.7314
sensor, -0.0148,0.0575,0.0912, 0.0094,0.0113,0.0293, -0.4547,0.5359,0.2697,0.6583, 29.8981,29.5181,38.7314
sensor, -0.0546,0.0434,0.0937, 0.0105,0.0155,0.0250, -0.4546,0.5359,0.2698,0.6583, 29.8981,29.5181,38.7314
sensor, 0.0127,0.0424,0.0496, 0.0094,0.0155,0.0250, -0.4545,0.5360,0.2698,0.6583, 29.8981,29.5181,38.7314
sensor, -0.0256,0.0074,0.1124, 0.0073,0.0155,0.0240, -0.4544,0.5360,0.2699,0.6583, 29.1992,29.5181,38.0524
sensor, -0.0485,-0.0300,0.1072, 0.0062,0.0187,0.0240, -0.4545,0.5360,0.2700,0.6582, 29.1992,29.5181,38.0524
sensor, -0.0482,-0.0592,0.1071, 0.0052,0.0230,0.0272, -0.4544,0.5360,0.2700,0.6582, 29.1992,29.5181,38.0524
sensor, -0.0099,-0.0753,0.0875, 0.0052,0.0230,0.0272, -0.4544,0.5360,0.2700,0.6582, 29.1992,29.5181,38.0524
sensor, -0.0206,-0.0224,0.0845, 0.0041,0.0283,0.0357, -0.4544,0.5361,0.2701,0.6582, 29.1992,29.5181,38.0524
sensor, 0.0105,-0.0107,0.0752, 0.0041,0.0251,0.0389, -0.4544,0.5361,0.2702,0.6581, 29.1992,29.5181,38.0524
sensor, 0.0279,0.0033,0.0679, 0.0041,0.0240,0.0378, -0.4544,0.5361,0.2702,0.6581, 29.1992,29.5181,38.0524
sensor, 0.0277,0.0374,0.0737, 0.0073,0.0251,0.0378, -0.4543,0.5362,0.2703,0.6580, 29.1992,29.5181,38.0524
sensor, 0.0443,0.0376,0.0537, 0.0094,0.0251,0.0336, -0.4543,0.5363,0.2703,0.6580, 28.5004,30.9158,38.7314
sensor, 0.0596,0.0629,0.0832, 0.0094,0.0251,0.0336, -0.4542,0.5364,0.2703,0.6580, 28.5004,30.9158,38.7314
sensor, 0.0340,0.0215,0.0366, 0.0083,0.0219,0.0282, -0.4541,0.5365,0.2704,0.6580, 28.5004,30.9158,38.7314
sensor, 0.0374,0.0043,0.0155, 0.0083,0.0219,0.0282, -0.4541,0.5365,0.2704,0.6579, 28.5004,30.9158,38.7314
sensor, 0.0073,-0.0271,0.0750, 0.0030,0.0262,0.0293, -0.4540,0.5366,0.2704,0.6579, 29.1992,31.6147,38.7314
sensor, 0.0018,-0.0329,0.0716, -0.0002,0.0283,0.0325, -0.4539,0.5367,0.2703,0.6579, 29.1992,31.6147,38.7314
sensor, -0.0041,-0.0516,0.0362, 0.0009,0.0304,0.0378, -0.4539,0.5367,0.2704,0.6578, 29.1992,31.6147,38.7314
sensor, 0.0043,-0.0672,0.0323, -0.0012,0.0304,0.0442, -0.4539,0.5368,0.2704,0.6578, 29.1992,31.6147,38.7314
sensor, 0.0335,-0.0278,0.0759, -0.0012,0.0304,0.0495, -0.4539,0.5369,0.2705,0.6577, 31.2943,28.8208,37.3718
sensor, 0.0441,-0.0132,0.0629, -0.0023,0.0251,0.0474, -0.4540,0.5368,0.2707,0.6576, 31.2943,28.8208,37.3718
sensor, 0.0340,-0.0316,0.0089, -0.0044,0.0219,0.0463, -0.4540,0.5369,0.2708,0.6575, 31.2943,28.8208,37.3718
sensor, 0.0499,0.0026,0.0438, -0.0066,0.0240,0.0431, -0.4539,0.5370,0.2708,0.6575, 31.2943,28.8208,37.3718
sensor, 0.0059,-0.0235,0.0023, -0.0076,0.0294,0.0421, -0.4539,0.5370,0.2709,0.6574, 29.8981,29.5181,38.0524
sensor, -0.0030,-0.0739,-0.0099, -0.0076,0.0294,0.0421, -0.4540,0.5370,0.2710,0.6573, 29.8981,29.5181,38.0524
sensor, 0.0464,-0.0775,0.0331, -0.0161,0.0358,0.0442, -0.4540,0.5371,0.2710,0.6572, 29.8981,29.5181,38.0524
sensor, 0.1316,-0.0944,0.0132, -0.0161,0.0358,0.0442, -0.4540,0.5372,0.2711,0.6571, 29.8981,29.5181,38.0524
sensor, 0.1863,-0.0585,-0.0471, -0.0215,0.0326,0.0431, -0.4540,0.5372,0.2712,0.6570, 31.2943,28.1219,36.6928
sensor, 0.1946,0.0047,-0.0432, -0.0215,0.0326,0.0431, -0.4542,0.5372,0.2714,0.6569, 31.2943,28.1219,36.6928
sensor, 0.1844,0.0170,0.0205, -0.0236,0.0283,0.0410, -0.4543,0.5372,0.2714,0.6568, 31.2943,28.1219,36.6928
sensor, 0.1895,0.0500,0.0062, -0.0225,0.0208,0.0272, -0.4543,0.5373,0.2715,0.6567, 31.2943,28.1219,36.6928
sensor, 0.1645,0.0432,-0.0163, -0.0225,0.0208,0.0272, -0.4543,0.5373,0.2716,0.6566, 29.1992,30.2170,37.3718
sensor, 0.1755,0.0059,0.0106, -0.0204,0.0208,0.0208, -0.4543,0.5374,0.2716,0.6565, 29.1992,30.2170,37.3718
sensor, 0.1921,0.0210,0.0353, -0.0225,0.0145,0.0133, -0.4543,0.5374,0.2716,0.6565, 29.1992,30.2170,37.3718
sensor, 0.1723,0.0107,0.0290, -0.0236,0.0049,0.0133, -0.4544,0.5374,0.2716,0.6564, 29.1992,30.2170,37.3718
sensor, 0.1791,-0.0081,0.0367, -0.0247,-0.0026,0.0122, -0.4544,0.5374,0.2717,0.6564, 29.1992,28.8208,37.3718
sensor, 0.1335,-0.0124,0.0081, -0.0257,-0.0047,0.0112, -0.4545,0.5373,0.2718,0.6564, 29.1992,28.8208,37.3718
sensor, 0.0893,-0.0111,0.0020, -0.0268,-0.0047,0.0122, -0.4546,0.5373,0.2719,0.6563, 29.1992,28.8208,37.3718
sensor, 0.0333,-0.0168,0.0241, -0.0268,-0.0047,0.0122, -0.4546,0.5373,0.2719,0.6563, 29.1992,28.8208,37.3718
sensor, 0.0109,-0.0317,0.0574, -0.0247,-0.0026,0.0282, -0.4546,0.5372,0.2720,0.6563, 30.5954,30.2170,37.3718
sensor, -0.0033,-0.0148,0.0324, -0.0215,-0.0037,0.0325, -0.4546,0.5372,0.2721,0.6562, 30.5954,30.2170,37.3718
sensor, 0.0222,-0.0136,0.0207, -0.0204,-0.0047,0.0336, -0.4546,0.5372,0.2722,0.6562, 30.5954,30.2170,37.3718
sensor, 0.0522,0.0116,0.0227, -0.0204,-0.0047,0.0336, -0.4546,0.5373,0.2722,0.6562, 30.5954,30.2170,37.3718
sensor, 0.0772,0.0157,0.0534, -0.0215,-0.0047,0.0346, -0.4545,0.5373,0.2722,0.6562, 29.1992,28.8208,37.3718
sensor, 0.1205,0.0519,0.0620, -0.0204,-0.0058,0.0357, -0.4545,0.5373,0.2723,0.6562, 29.1992,28.8208,37.3718
sensor, 0.0876,0.0760,0.0542, -0.0161,-0.0079,0.0368, -0.4544,0.5374,0.2724,0.6562, 29.1992,28.8208,37.3718
sensor, 0.0924,0.0728,0.0627, -0.0161,-0.0079,0.0325, -0.4543,0.5375,0.2724,0.6562, 29.1992,28.8208,37.3718
sensor, 0.0522,0.0901,0.0460, -0.0119,-0.0090,0.0304, -0.4542,0.5375,0.2724,0.6562, 30.5954,30.9158,37.3718
sensor, 0.0938,0.0483,0.0770, -0.0087,-0.0068,0.0282, -0.4540,0.5376,0.2724,0.6563, 30.5954,30.9158,37.3718
sensor, 0.0782,0.0360,0.1121, -0.0034,-0.0111,0.0250, -0.4539,0.5376,0.2724,0.6563, 30.5954,30.9158,37.3718
sensor, 0.1005,0.0539,0.0421, -0.0012,-0.0111,0.0240, -0.4538,0.5376,0.2725,0.6563, 30.5954,30.9158,37.3718
sensor, 0.0879,0.0284,0.0100, 0.0030,-0.0111,0.0272, -0.4538,0.5377,0.2725,0.6563, 29.8981,30.9158,39.4104
sensor, 0.0087,0.0038,0.0270, 0.0041,-0.0068,0.0314, -0.4537,0.5377,0.2725,0.6563, 29.8981,30.9158,39.4104
sensor, -0.0250,-0.0144,0.0429, 0.0052,-0.0037,0.0336, -0.4536,0.5377,0.2726,0.6564, 29.8981,30.9158,39.4104
sensor, -0.0344,0.0190,0.0193, 0.0062,-0.0058,0.0357, -0.4535,0.5378,0.2726,0.6564, 29.8981,30.9158,39.4104
sensor, 0.0020,0.0251,0.0535, 0.0083,-0.0058,0.0314, -0.4534,0.5378,0.2726,0.6564, 29.8981,28.8208,38.0524
sensor, 0.0054,0.0680,0.0197, 0.0073,-0.0068,0.0304, -0.4534,0.5378,0.2728,0.6563, 29.8981,28.8208,38.0524
sensor, -0.0025,0.0138,0.0158, 0.0073,-0.0068,0.0304, -0.4533,0.5378,0.2728,0.6563, 29.8981,28.8208,38.0524
sensor, 0.0088,0.0324,0.0730, 0.0116,-0.0015,0.0240, -0.4532,0.5379,0.2729,0.6564, 29.8981,28.8208,38.0524
sensor, -0.0238,0.0488,0.0784, 0.0126,-0.0005,0.0240, -0.4532,0.5379,0.2729,0.6564, 29.8981,29.5181,38.0524
sensor, 0.0109,0.0338,0.0229, 0.0126,-0.0005,0.0240, -0.4531,0.5379,0.2730,0.6564, 29.8981,29.5181,38.0524
sensor, -0.0110,0.0142,0.0504, 0.0137,-0.0005,0.0314, -0.4530,0.5380,0.2730,0.6564, 29.8981,29.5181,38.0524
sensor, -0.0042,-0.0430,0.0373, 0.0116,0.0006,0.0325, -0.4529,0.5380,0.2730,0.6564, 29.8981,29.5181,38.0524
sensor, 0.0067,-0.0391,0.0628, 0.0083,-0.0037,0.0336, -0.4529,0.5380,0.2731,0.6564, 29.1992,29.5181,37.3718
sensor, 0.0446,-0.0160,0.0010, 0.0083,-0.0037,0.0336, -0.4528,0.5380,0.2731,0.6564, 29.1992,29.5181,37.3718
sensor, 0.0223,-0.0058,0.0340, 0.0062,-0.0047,0.0261, -0.4527,0.5381,0.2731,0.6564, 29.1992,29.5181,37.3718
sensor, 0.0216,0.0142,0.0217, 0.0062,-0.0005,0.0229, -0.4527,0.5381,0.2732,0.6564, 29.1992,29.5181,37.3718
sensor, -0.0260,0.0325,0.0285, 0.0052,-0.0005,0.0250, -0.4526,0.5382,0.2732,0.6564, 29.8981,29.5181,36.6928
sensor, -0.0477,0.0405,0.0364, 0.0041,0.0038,0.0250, -0.4525,0.5382,0.2732,0.6564, 29.8981,29.5181,36.6928
sensor, -0.0688,0.0264,0.0169, 0.0030,0.0017,0.0272, -0.4525,0.5383,0.2732,0.6564, 29.8981,29.5181,36.6928
sensor, -0.0302,0.0074,0.0698, 0.0009,0.0049,0.0272, -0.4524,0.5383,0.2732,0.6564, 29.8981,29.5181,36.6928
sensor, -0.0390,-0.0316,0.0129, -0.0023,0.0070,0.0261, -0.4523,0.5384,0.2733,0.6564, 31.2943,29.5181,38.7314
sensor, -0.0121,-0.0354,0.0030, -0.0034,0.0070,0.0293, -0.4523,0.5384,0.2734,0.6564, 31.2943,29.5181,38.7314
sensor, 0.0302,-0.0093,0.0726, -0.0034,0.0070,0.0293, -0.4523,0.5384,0.2734,0.6564, 31.2943,29.5181,38.7314
sensor, 0.0113,-0.0023,0.0704, -0.0055,0.0081,0.0250, -0.4522,0.5384,0.2734,0.6564, 31.2943,29.5181,38.7314
sensor, 0.0478,0.0016,0.0491, -0.0055,0.0059,0.0240, -0.4522,0.5385,0.2734,0.6564, 30.5954,30.2170,38.0524
sensor, 0.0249,0.0043,0.0711, -0.0055,0.0059,0.0240, -0.4521,0.5385,0.2735,0.6564, 30.5954,30.2170,38.0524
sensor, -0.0230,-0.0037,0.0800, -0.0055,0.0091,0.0240, -0.4521,0.5386,0.2735,0.6563, 30.5954,30.2170,38.0524
sensor, -0.0417,-0.0209,0.0060, -0.0066,0.0091,0.0240, -0.4520,0.5386,0.2735,0.6563, 30.5954,30.2170,38.0524
sensor, -0.0108,-0.0129,0.0500, -0.0087,0.0113,0.0229, -0.4520,0.5387,0.2735,0.6563, 29.1992,29.5181,37.3718
sensor, 0.0297,0.0141,0.0820, -0.0087,0.0113,0.0229, -0.4519,0.5387,0.2735,0.6563, 29.1992,29.5181,37.3718
sensor, 0.0292,-0.0061,0.0171, -0.0087,0.0123,0.0218, -0.4519,0.5388,0.2735,0.6563, 29.1992,29.5181,37.3718
sensor, 0.0175,-0.0025,0.0015, -0.0087,0.0155,0.0250, -0.4518,0.5388,0.2735,0.6563, 29.1992,29.5181,37.3718
sensor, 0.0388,0.0112,0.0667, -0.0055,0.0155,0.0250, -0.4518,0.5389,0.2735,0.6563, 29.1992,28.1219,37.3718
sensor, 0.0270,-0.0150,0.0520, -0.0066,0.0134,0.0250, -0.4518,0.5389,0.2736,0.6562, 29.1992,28.1219,37.3718
sensor, 0.0754,0.0339,0.0546, -0.0066,0.0134,0.0250, -0.4518,0.5389,0.2736,0.6562, 29.1992,28.1219,37.3718
sensor, 0.0694,0.0116,0.0594, -0.0044,0.0102,0.0154, -0.4517,0.5390,0.2736,0.6562, 29.1992,28.1219,37.3718
sensor, 0.0464,0.0136,0.0372, -0.0055,0.0091,0.0101, -0.4517,0.5390,0.2736,0.6562, 29.8981,30.2170,38.0524
sensor, -0.0339,0.0098,0.0229, -0.0066,0.0102,0.0091, -0.4517,0.5390,0.2736,0.6562, 29.8981,30.2170,38.0524
sensor, -0.0534,-0.0591,-0.0049, -0.0098,0.0145,0.0122, -0.4517,0.5391,0.2736,0.6562, 29.8981,30.2170,38.0524
sensor, -0.0752,-0.0633,0.0463, -0.0130,0.0176,0.0176, -0.4517,0.5391,0.2736,0.6561, 29.8981,30.2170,38.0524
sensor, 0.0041,-0.0570,0.0425, -0.0130,0.0176,0.0229, -0.4516,0.5392,0.2736,0.6561, 29.1992,28.8208,38.0524
sensor, 0.0134,-0.0709,0.0530, -0.0130,0.0176,0.0229, -0.4517,0.5391,0.2737,0.6560, 29.1992,28.8208,38.0524
sensor, 0.0794,-0.0392,0.0235, -0.0172,0.0145,0.0314, -0.4517,0.5392,0.2736,0.6560, 29.1992,28.8208,38.0524
sensor, 0.1015,-0.0567,0.0060, -0.0172,0.0123,0.0336, -0.4516,0.5393,0.2736,0.6560, 29.1992,28.8208,38.0524
sensor, 0.1113,-0.0758,0.0283, -0.0151,0.0091,0.0357, -0.4516,0.5393,0.2736,0.6560, 30.5954,30.2170,36.6928
sensor, 0.0450,-0.0480,0.0073, -0.0151,0.0091,0.0357, -0.4515,0.5394,0.2736,0.6560, 30.5954,30.2170,36.6928
sensor, 0.0269,-0.0207,0.0329, -0.0161,0.0059,0.0410, -0.4514,0.5395,0.2736,0.6560, 30.5954,30.2170,36.6928
sensor, 0.0186,-0.0100,0.0243, -0.0140,0.0070,0.0399, -0.4514,0.5396,0.2736,0.6560, 30.5954,30.2170,36.6928
sensor, 0.0010,-0.0118,0.0155, -0.0140,0.0081,0.0399, -0.4513,0.5397,0.2736,0.6559, 30.5954,28.8208,39.4104
sensor, -0.0017,-0.0126,0.0228, -0.0140,0.0081,0.0399, -0.4514,0.5396,0.2738,0.6558, 30.5954,28.8208,39.4104
sensor, 0.0042,0.0042,0.0363, -0.0130,0.0081,0.0357, -0.4513,0.5397,0.2738,0.6558, 30.5954,28.8208,39.4104
sensor, 0.0450,0.0050,0.0369, -0.0130,0.0081,0.0357, -0.4512,0.5398,0.2738,0.6558, 30.5954,28.8208,39.4104
sensor, 0.0762,0.0002,0.0278, -0.0119,0.0102,0.0325, -0.4511,0.5399,0.2738,0.6558, 29.1992,30.2170,38.7314
sensor, 0.0728,0.0051,0.0113, -0.0066,0.0123,0.0282, -0.4511,0.5399,0.2738,0.6558, 29.1992,30.2170,38.7314
sensor, 0.0993,0.0091,0.0300, -0.0066,0.0113,0.0282, -0.4510,0.5400,0.2738,0.6557, 29.1992,30.2170,38.7314
sensor, 0.1517,-0.0082,0.0575, -0.0023,0.0038,0.0304, -0.4510,0.5401,0.2738,0.6557, 29.1992,30.2170,38.7314
sensor, 0.1456,-0.0158,-0.0116, 0.0020,-0.0015,0.0314, -0.4509,0.5401,0.2738,0.6557, 30.5954,29.5181,38.7314
sensor, 0.1513,0.0027,0.0012, 0.0020,-0.0015,0.0314, -0.4509,0.5401,0.2739,0.6557, 30.5954,29.5181,38.7314
sensor, 0.0785,-0.0154,0.0273, 0.0062,-0.0058,0.0314, -0.4509,0.5401,0.2740,0.6557, 30.5954,29.5181,38.7314
sensor, 0.0206,-0.0600,0.0472, 0.0105,-0.0090,0.0368, -0.4508,0.5401,0.2740,0.6557, 30.5954,29.5181,38.7314
sensor, -0.0433,-0.0883,0.0323, 0.0147,-0.0132,0.0495, -0.4507,0.5402,0.2740,0.6557, 29.1992,27.4231,38.0524
sensor, -0.0145,-0.0525,0.0112, 0.0147,-0.0132,0.0495, -0.4508,0.5401,0.2743,0.6557, 29.1992,27.4231,38.0524
sensor, 0.0198,-0.0660,0.0525, 0.0116,-0.0175,0.0623, -0.4507,0.5401,0.2743,0.6557, 29.1992,27.4231,38.0524
sensor, 0.0339,-0.0645,0.0724, 0.0116,-0.0196,0.0666, -0.4505,0.5402,0.2744,0.6557, 29.1992,27.4231,38.0524
sensor, 0.0706,-0.0563,0.0530, 0.0116,-0.0196,0.0666, -0.4503,0.5402,0.2746,0.6558, 29.8981,28.8208,37.3718
sensor, 0.0332,-0.0412,0.0108, 0.0105,-0.0228,0.0762, -0.4503,0.5402,0.2746,0.6558, 29.8981,28.8208,37.3718
sensor, 0.0205,-0.0334,0.0625, 0.0147,-0.0282,0.0868, -0.4498,0.5404,0.2748,0.6558, 29.8981,28.8208,37.3718
sensor, -0.0021,-0.0394,0.0652, 0.0147,-0.0282,0.0868, -0.4498,0.5404,0.2748,0.6558, 29.8981,28.8208,37.3718
sensor, -0.0384,-0.0047,0.0443, 0.0222,-0.0292,0.0953, -0.4494,0.5406,0.2750,0.6559, 29.1992,29.5181,37.3718
sensor, -0.0471,-0.0174,0.0503, 0.0222,-0.0292,0.0953, -0.4494,0.5406,0.2750,0.6559, 29.1992,29.5181,37.3718
sensor, -0.0657,0.0015,0.0308, 0.0233,-0.0196,0.0985, -0.4492,0.5407,0.2751,0.6559, 29.1992,29.5181,37.3718
sensor, -0.0572,-0.0062,0.0372, 0.0233,-0.0164,0.1007, -0.4490,0.5408,0.2753,0.6559, 29.1992,29.5181,37.3718
sensor, -0.0156,0.0050,0.0810, 0.0211,-0.0132,0.1007, -0.4488,0.5409,0.2754,0.6559, 30.5954,28.1219,38.0524
sensor, 0.0121,0.0060,0.0385, 0.0201,-0.0122,0.0975, -0.4487,0.5408,0.2758,0.6558, 30.5954,28.1219,38.0524
sensor, 0.0828,-0.0263,0.0245, 0.0201,-0.0122,0.0975, -0.4486,0.5409,0.2760,0.6558, 30.5954,28.1219,38.0524
sensor, 0.0366,0.0031,0.0283, 0.0254,-0.0132,0.0975, -0.4484,0.5410,0.2761,0.6558, 30.5954,28.1219,38.0524
sensor, 0.0353,0.0313,0.0763, 0.0286,-0.0132,0.0985, -0.4482,0.5411,0.2763,0.6558, 29.8981,28.8208,38.0524
sensor, 0.0908,0.0396,0.0797, 0.0286,-0.0132,0.0932, -0.4481,0.5411,0.2765,0.6557, 29.8981,28.8208,38.0524
sensor, 0.1091,0.0511,0.0282, 0.0297,-0.0111,0.0879, -0.4479,0.5412,0.2766,0.6557, 29.8981,28.8208,38.0524
sensor, 0.0608,0.0337,0.0259, 0.0350,-0.0143,0.0751, -0.4477,0.5413,0.2768,0.6557, 29.8981,28.8208,38.0524
sensor, 0.0008,0.0149,0.0277, 0.0392,-0.0143,0.0719, -0.4475,0.5414,0.2769,0.6557, 30.5954,30.2170,38.0524
sensor, -0.0271,-0.0134,0.0322, 0.0350,-0.0090,0.0666, -0.4473,0.5414,0.2769,0.6558, 30.5954,30.2170,38.0524
sensor, -0.0464,-0.0459,0.0055, 0.0329,-0.0037,0.0613, -0.4472,0.5415,0.2770,0.6558, 30.5954,30.2170,38.0524
sensor, -0.0612,-0.1069,-0.0140, 0.0329,-0.0037,0.0613, -0.4471,0.5416,0.2771,0.6558, 30.5954,30.2170,38.0524
sensor, -0.0889,-0.0613,-0.0273, 0.0297,-0.0005,0.0623, -0.4470,0.5417,0.2771,0.6558, 30.5954,30.9158,39.4104
sensor, -0.1006,-0.0892,-0.0242, 0.0190,0.0102,0.0602, -0.4469,0.5417,0.2772,0.6557, 30.5954,30.9158,39.4104
sensor, -0.0939,-0.0731,-0.0032, 0.0190,0.0102,0.0602, -0.4468,0.5418,0.2772,0.6557, 30.5954,30.9158,39.4104
sensor, -0.0495,-0.0816,-0.0112, 0.0147,0.0113,0.0591, -0.4467,0.5419,0.2773,0.6557, 30.5954,30.9158,39.4104
sensor, 0.0077,-0.1012,-0.0504, -0.0076,0.0145,0.0538, -0.4466,0.5420,0.2774,0.6556, 28.5004,28.8208,36.6928
sensor, 0.0660,-0.0961,-0.0350, -0.0130,0.0059,0.0527, -0.4466,0.5421,0.2774,0.6555, 28.5004,28.8208,36.6928
sensor, 0.0264,-0.1368,-0.0327, -0.0130,0.0059,0.0527, -0.4466,0.5421,0.2775,0.6555, 28.5004,28.8208,36.6928
sensor, -0.0850,-0.0924,-0.0173, -0.0193,0.0049,0.0506, -0.4467,0.5421,0.2776,0.6554, 28.5004,28.8208,36.6928
sensor, -0.1726,-0.1386,0.0168, -0.0289,0.0240,0.0527, -0.4467,0.5422,0.2777,0.6553, 29.8981,29.5181,37.3718
sensor, -0.1783,-0.1366,0.0176, -0.0343,0.0294,0.0581, -0.4467,0.5422,0.2778,0.6552, 29.8981,29.5181,37.3718
sensor, -0.1724,-0.1573,0.0172, -0.0406,0.0315,0.0591, -0.4467,0.5423,0.2779,0.6551, 29.8981,29.5181,37.3718
sensor, -0.1212,-0.1109,-0.0123, -0.0470,0.0368,0.0581, -0.4468,0.5423,0.2780,0.6550, 29.8981,29.5181,37.3718
sensor, -0.1501,-0.1081,-0.0209, -0.0513,0.0400,0.0602, -0.4468,0.5424,0.2781,0.6549, 30.5954,28.8208,38.0524
sensor, -0.1504,-0.1046,0.0098, -0.0513,0.0400,0.0602, -0.4469,0.5424,0.2783,0.6547, 30.5954,28.8208,38.0524
sensor, -0.1463,-0.1107,0.0306, -0.0577,0.0496,0.0581, -0.4470,0.5425,0.2784,0.6545, 30.5954,28.8208,38.0524
sensor, -0.0903,-0.0857,0.0045, -0.0641,0.0581,0.0549, -0.4471,0.5426,0.2786,0.6543, 30.5954,28.8208,38.0524
sensor, -0.0295,-0.0610,-0.0270, -0.0747,0.0645,0.0453, -0.4472,0.5427,0.2787,0.6541, 29.8981,28.1219,36.6928
sensor, 0.0031,-0.0715,-0.0314, -0.0747,0.0645,0.0453, -0.4474,0.5427,0.2788,0.6539, 29.8981,28.1219,36.6928
sensor, 0.0240,-0.0213,0.0159, -0.0790,0.0613,0.0399, -0.4476,0.5428,0.2789,0.6537, 29.8981,28.1219,36.6928
sensor, 0.0282,0.0124,0.0126, -0.0790,0.0603,0.0357, -0.4477,0.5429,0.2790,0.6535, 29.8981,28.1219,36.6928
sensor, -0.0392,-0.0030,0.0153, -0.0790,0.0667,0.0336, -0.4478,0.5429,0.2791,0.6533, 29.1992,30.2170,38.0524
sensor, -0.0205,-0.0163,0.0811, -0.0790,0.0667,0.0336, -0.4479,0.5431,0.2791,0.6531, 29.1992,30.2170,38.0524
sensor, 0.0061,-0.0017,-0.0231, -0.0822,0.0592,0.0399, -0.4480,0.5432,0.2792,0.6529, 29.1992,30.2170,38.0524
sensor, 0.0463,0.0166,0.0180, -0.0833,0.0549,0.0399, -0.4481,0.5432,0.2793,0.6527, 29.1992,30.2170,38.0524
sensor, 0.0555,0.0525,0.0463, -0.0801,0.0517,0.0431, -0.4482,0.5433,0.2795,0.6525, 29.8981,30.9158,38.7314
sensor, 0.0862,0.0651,-0.0186, -0.0801,0.0517,0.0431, -0.4482,0.5435,0.2795,0.6524, 29.8981,30.9158,38.7314
sensor, 0.0680,0.0951,0.0030, -0.0758,0.0496,0.0442, -0.4483,0.5436,0.2796,0.6522, 29.8981,30.9158,38.7314
sensor, 0.0690,0.0795,0.0189, -0.0737,0.0485,0.0442, -0.4484,0.5437,0.2797,0.6520, 29.8981,30.9158,38.7314
sensor, 0.0498,0.0742,0.0348, -0.0726,0.0464,0.0463, -0.4485,0.5437,0.2799,0.6518, 30.5954,30.2170,38.0524
sensor, 0.0287,0.0890,0.0059, -0.0726,0.0464,0.0463, -0.4485,0.5439,0.2799,0.6517, 30.5954,30.2170,38.0524
sensor, -0.0110,0.0863,0.0265, -0.0694,0.0421,0.0463, -0.4485,0.5440,0.2801,0.6515, 30.5954,30.2170,38.0524
sensor, -0.0289,0.1156,-0.0139, -0.0683,0.0517,0.0495, -0.4486,0.5441,0.2802,0.6514, 30.5954,30.2170,38.0524
sensor, -0.0238,0.1338,-0.0050, -0.0652,0.0528,0.0527, -0.4486,0.5442,0.2803,0.6512, 30.5954,28.8208,37.3718
sensor, 0.0538,0.1259,0.0037, -0.0652,0.0528,0.0527, -0.4486,0.5443,0.2805,0.6510, 30.5954,28.8208,37.3718
sensor, 0.1211,0.1393,-0.0376, -0.0566,0.0443,0.0527, -0.4486,0.5445,0.2806,0.6508, 30.5954,28.8208,37.3718
sensor, 0.2175,0.1810,-0.0163, -0.0534,0.0336,0.0474, -0.4487,0.5446,0.2807,0.6506, 30.5954,28.8208,37.3718
sensor, 0.2475,0.1803,-0.0236, -0.0470,0.0230,0.0399, -0.4487,0.5447,0.2808,0.6505, 31.2943,28.8208,38.7314
sensor, 0.1836,0.1533,-0.0256, -0.0470,0.0230,0.0399, -0.4487,0.5448,0.2810,0.6503, 31.2943,28.8208,38.7314
sensor, 0.1662,0.1618,-0.0163, -0.0406,0.0230,0.0368, -0.4487,0.5448,0.2811,0.6502, 31.2943,28.8208,38.7314
sensor, 0.1639,0.1167,-0.0344, -0.0364,0.0240,0.0378, -0.4487,0.5449,0.2812,0.6501, 31.2943,28.8208,38.7314
sensor, 0.1720,0.0890,-0.0237, -0.0321,0.0102,0.0378, -0.4487,0.5450,0.2813,0.6500, 29.8981,29.5181,38.7314
sensor, 0.2070,0.0591,-0.0557, -0.0300,0.0017,0.0378, -0.4487,0.5451,0.2814,0.6499, 29.8981,29.5181,38.7314
sensor, 0.2363,0.0801,-0.0133, -0.0268,-0.0058,0.0368, -0.4487,0.5451,0.2814,0.6498, 29.8981,29.5181,38.7314
sensor, 0.2708,0.1088,0.0158, -0.0225,-0.0154,0.0368, -0.4487,0.5452,0.2815,0.6498, 29.8981,29.5181,38.7314
sensor, 0.1980,0.0695,-0.0259, -0.0183,-0.0239,0.0336, -0.4486,0.5452,0.2817,0.6498, 31.9931,29.5181,38.0524
sensor, 0.1550,0.1113,-0.0751, -0.0183,-0.0239,0.0336, -0.4486,0.5452,0.2818,0.6497, 31.9931,29.5181,38.0524
sensor, 0.0324,0.1208,-0.0534, -0.0140,-0.0218,0.0314, -0.4485,0.5452,0.2819,0.6497, 31.9931,29.5181,38.0524
sensor, -0.1110,0.0914,-0.0574, -0.0140,-0.0218,0.0314, -0.4485,0.5452,0.2819,0.6497, 31.9931,29.5181,38.0524
sensor, -0.0829,0.0411,-0.0565, -0.0055,-0.0111,0.0368, -0.4484,0.5453,0.2820,0.6497, 29.1992,28.8208,38.7314
sensor, -0.0763,0.0423,-0.0733, -0.0055,-0.0111,0.0368, -0.4483,0.5453,0.2821,0.6496, 29.1992,28.8208,38.7314
sensor, -0.0694,0.0035,-0.0714, -0.0055,-0.0111,0.0463, -0.4482,0.5454,0.2822,0.6496, 29.1992,28.8208,38.7314
sensor, -0.0820,-0.0022,-0.0433, -0.0044,-0.0101,0.0517, -0.4482,0.5455,0.2823,0.6496, 29.1992,28.8208,38.7314
sensor, -0.0782,-0.0151,-0.1255, -0.0044,-0.0090,0.0538, -0.4481,0.5455,0.2824,0.6495, 30.5954,28.8208,36.6928
sensor, -0.1457,0.0049,-0.0763, -0.0044,-0.0090,0.0538, -0.4480,0.5456,0.2824,0.6495, 30.5954,28.8208,36.6928
sensor, -0.1927,0.0287,-0.1189, -0.0034,-0.0047,0.0549, -0.4479,0.5457,0.2825,0.6494, 30.5954,28.8208,36.6928
sensor, -0.2124,0.0257,-0.0785, -0.0044,0.0017,0.0549, -0.4478,0.5459,0.2826,0.6493, 30.5954,28.8208,36.6928
sensor, -0.2146,0.0050,-0.1057, -0.0044,0.0155,0.0517, -0.4478,0.5460,0.2826,0.6493, 30.5954,28.8208,38.0524
sensor, -0.1642,0.0079,-0.0660, -0.0055,0.0304,0.0559, -0.4477,0.5461,0.2827,0.6491, 30.5954,28.8208,38.0524
sensor, -0.0477,0.0413,-0.0329, -0.0023,0.0347,0.0634, -0.4476,0.5463,0.2827,0.6490, 30.5954,28.8208,38.0524
sensor, 0.0432,0.0486,-0.0766, 0.0030,0.0315,0.0634, -0.4476,0.5465,0.2828,0.6489, 30.5954,28.8208,38.0524
sensor, 0.1439,0.0738,-0.0347, 0.0073,0.0262,0.0559, -0.4475,0.5466,0.2828,0.6488, 31.9931,28.1219,38.7314
sensor, 0.1591,0.0692,-0.0339, 0.0073,0.0262,0.0559, -0.4475,0.5467,0.2830,0.6487, 31.9931,28.1219,38.7314
sensor, 0.1650,0.0337,-0.0432, 0.0105,0.0198,0.0527, -0.4474,0.5468,0.2831,0.6486, 31.9931,28.1219,38.7314
sensor, 0.1798,-0.0506,0.0283, 0.0116,0.0145,0.0527, -0.4474,0.5469,0.2831,0.6486, 31.9931,28.1219,38.7314
sensor, 0.2779,-0.0492,-0.0281, 0.0137,0.0017,0.0549, -0.4473,0.5469,0.2832,0.6485, 31.2943,27.4231,38.0524
sensor, 0.3199,-0.0610,-0.0182, 0.0137,0.0017,0.0549, -0.4474,0.5469,0.2834,0.6484, 31.2943,27.4231,38.0524
sensor, 0.2988,-0.0254,-0.0278, 0.0094,-0.0122,0.0570, -0.4473,0.5469,0.2834,0.6484, 31.2943,27.4231,38.0524
sensor, 0.2905,-0.0468,0.0241, 0.0083,-0.0282,0.0602, -0.4473,0.5469,0.2836,0.6484, 31.2943,27.4231,38.0524
sensor, 0.2109,-0.0718,0.0464, 0.0052,-0.0505,0.0602, -0.4472,0.5468,0.2837,0.6485, 29.8981,28.1219,39.4104
sensor, 0.1939,-0.0828,0.0682, 0.0062,-0.0559,0.0623, -0.4472,0.5467,0.2839,0.6485, 29.8981,28.1219,39.4104
sensor, 0.2246,-0.1332,0.0290, 0.0009,-0.0612,0.0644, -0.4471,0.5466,0.2841,0.6485, 29.8981,28.1219,39.4104
sensor, 0.2236,-0.0552,0.0322, -0.0023,-0.0729,0.0676, -0.4471,0.5465,0.2843,0.6486, 29.8981,28.1219,39.4104
sensor, 0.1974,-0.0467,0.0420, -0.0023,-0.0836,0.0676, -0.4470,0.5464,0.2845,0.6486, 28.5004,28.8208,40.0909
sensor, 0.1052,-0.0566,0.0718, -0.0023,-0.0836,0.0676, -0.4469,0.5463,0.2847,0.6487, 28.5004,28.8208,40.0909
sensor, 0.0323,-0.0752,0.0451, -0.0023,-0.0889,0.0676, -0.4468,0.5462,0.2849,0.6488, 28.5004,28.8208,40.0909
sensor, -0.0211,-0.0515,0.0491, -0.0002,-0.0878,0.0687, -0.4466,0.5460,0.2852,0.6489, 28.5004,28.8208,40.0909
sensor, -0.0346,-0.0611,0.0547, -0.0034,-0.0803,0.0676, -0.4465,0.5460,0.2854,0.6489, 29.8981,28.8208,38.7314
sensor, -0.0590,-0.0888,-0.0249, -0.0034,-0.0803,0.0676, -0.4464,0.5459,0.2856,0.6490, 29.8981,28.8208,38.7314
sensor, -0.1391,-0.1365,-0.0453, -0.0066,-0.0814,0.0634, -0.4463,0.5458,0.2858,0.6491, 29.8981,28.8208,38.7314
sensor, -0.2432,-0.1286,-0.0186, -0.0108,-0.0793,0.0581, -0.4462,0.5457,0.2860,0.6491, 29.8981,28.8208,38.7314
sensor, -0.3951,-0.2030,0.0036, -0.0172,-0.0644,0.0517, -0.4461,0.5456,0.2862,0.6492, 29.8981,28.1219,38.7314
sensor, -0.4197,-0.1251,0.0512, -0.0321,-0.0431,0.0506, -0.4461,0.5455,0.2864,0.6492, 29.8981,28.1219,38.7314
sensor, -0.2214,-0.1212,0.0786, -0.0321,-0.0431,0.0506, -0.4460,0.5454,0.2866,0.6492, 29.8981,28.1219,38.7314
sensor, -0.0381,-0.0155,-0.0743, -0.0502,-0.0228,0.0527, -0.4461,0.5454,0.2868,0.6491, 29.8981,28.1219,38.7314
sensor, 0.1214,0.0059,-0.0029, -0.0758,-0.0292,0.0517, -0.4461,0.5454,0.2870,0.6490, 30.5954,28.1219,38.0524
sensor, 0.2069,0.0616,0.0452, -0.0705,-0.0324,0.0570, -0.4462,0.5453,0.2872,0.6489, 30.5954,28.1219,38.0524
sensor, 0.1492,0.1060,0.0587, -0.0609,-0.0495,0.0623, -0.4462,0.5452,0.2875,0.6489, 30.5954,28.1219,38.0524
sensor, 0.0755,0.0972,0.1071, -0.0609,-0.0495,0.0623, -0.4461,0.5452,0.2877,0.6488, 30.5954,28.1219,38.0524
sensor, -0.0676,0.0929,0.0380, -0.0375,-0.0590,0.0676, -0.4460,0.5451,0.2880,0.6488, 29.8981,30.2170,38.7314
sensor, -0.1728,0.1068,0.0278, -0.0375,-0.0590,0.0676, -0.4458,0.5452,0.2881,0.6489, 29.8981,30.2170,38.7314
sensor, -0.1850,0.1311,-0.0187, -0.0343,-0.0409,0.0495, -0.4456,0.5452,0.2883,0.6489, 29.8981,30.2170,38.7314
sensor, -0.1167,0.1083,-0.0103, -0.0428,-0.0324,0.0399, -0.4455,0.5452,0.2885,0.6489, 29.8981,30.2170,38.7314
sensor, -0.0044,0.1271,0.0051, -0.0438,-0.0271,0.0272, -0.4455,0.5452,0.2887,0.6488, 29.8981,28.8208,37.3718
sensor, 0.1083,0.1369,0.0144, -0.0438,-0.0271,0.0272, -0.4454,0.5453,0.2887,0.6488, 29.8981,28.8208,37.3718
sensor, 0.1283,0.1251,0.0372, -0.0406,-0.0388,0.0122, -0.4453,0.5452,0.2889,0.6488, 29.8981,28.8208,37.3718
sensor, 0.0849,0.0968,0.0752, -0.0406,-0.0388,0.0122, -0.4453,0.5452,0.2890,0.6488, 29.8981,28.8208,37.3718
sensor, 0.0079,0.1224,0.0978, -0.0247,-0.0484,0.0016, -0.4453,0.5451,0.2891,0.6488, 31.2943,28.8208,38.0524
sensor, -0.0518,0.0723,0.1053, -0.0183,-0.0431,0.0016, -0.4452,0.5450,0.2892,0.6489, 31.2943,28.8208,38.0524
sensor, -0.0037,0.0563,0.0531, -0.0140,-0.0399,-0.0016, -0.4452,0.5449,0.2893,0.6490, 31.2943,28.8208,38.0524
sensor, 0.0358,0.0688,0.0134, -0.0140,-0.0399,-0.0016, -0.4452,0.5449,0.2894,0.6490, 31.2943,28.8208,38.0524
sensor, 0.0871,0.0648,-0.0214, -0.0236,-0.0431,-0.0027, -0.4451,0.5448,0.2895,0.6491, 30.5954,29.5181,38.7314
sensor, 0.0254,0.0513,0.0083, -0.0215,-0.0527,-0.0027, -0.4451,0.5448,0.2895,0.6491, 30.5954,29.5181,38.7314
sensor, -0.0686,0.0829,0.0828, -0.0140,-0.0569,0.0005, -0.4451,0.5447,0.2896,0.6492, 30.5954,29.5181,38.7314
sensor, -0.2626,0.0760,0.1046, -0.0140,-0.0569,0.0005, -0.4450,0.5446,0.2897,0.6492, 30.5954,29.5181,38.7314
sensor, -0.3225,0.0370,0.0856, 0.0062,-0.0239,0.0197, -0.4449,0.5445,0.2898,0.6493, 29.8981,29.5181,38.7314
sensor, -0.3459,0.0349,0.0429, 0.0062,-0.0239,0.0197, -0.4447,0.5446,0.2898,0.6494, 29.8981,29.5181,38.7314
sensor, -0.3165,-0.0040,0.0210, 0.0094,-0.0132,0.0250, -0.4446,0.5446,0.2898,0.6494, 29.8981,29.5181,38.7314
sensor, -0.2939,-0.0353,0.0316, 0.0116,0.0059,0.0357, -0.4445,0.5447,0.2899,0.6494, 29.8981,29.5181,38.7314
sensor, -0.2729,-0.1006,0.0173, 0.0062,0.0145,0.0399, -0.4444,0.5447,0.2899,0.6494, 31.2943,26.7258,37.3718
sensor, -0.3031,-0.1323,0.0038, 0.0020,0.0262,0.0453, -0.4444,0.5447,0.2901,0.6493, 31.2943,26.7258,37.3718
sensor, -0.2826,-0.1460,0.0181, -0.0034,0.0358,0.0517, -0.4444,0.5448,0.2901,0.6492, 31.2943,26.7258,37.3718
sensor, -0.2605,-0.1124,-0.0030, -0.0034,0.0358,0.0517, -0.4444,0.5449,0.2902,0.6491, 31.2943,26.7258,37.3718
sensor, -0.2378,-0.0962,0.0426, -0.0066,0.0517,0.0634, -0.4443,0.5451,0.2902,0.6490, 29.8981,28.8208,38.7314
