sensor, -0.0510,-0.0313,-0.0393, -0.0066,0.0017,-0.0017, -0.2085,-0.6200,-0.6590,0.3712, -29.4693,-17.9749,27.1774
sensor, -0.0412,-0.0233,-0.0362, -0.0066,0.0006,0.0005, -0.2085,-0.6200,-0.6590,0.3712, -29.4693,-17.2760,28.5355
sensor, -0.0134,0.0006,-0.0647, -0.0076,-0.0005,-0.0017, -0.2085,-0.6201,-0.6590,0.3712, -29.4693,-17.2760,28.5355
sensor, -0.0216,0.0139,-0.0638, -0.0108,0.0006,0.0005, -0.2085,-0.6202,-0.6589,0.3712, -29.4693,-17.2760,28.5355
sensor, 0.0006,0.0019,0.0040, -0.0087,-0.0005,-0.0006, -0.2085,-0.6203,-0.6588,0.3711, -29.4693,-17.2760,28.5355
sensor, 0.0017,0.0028,-0.0007, -0.0098,-0.0026,0.0005, -0.2085,-0.6203,-0.6589,0.3711, -28.7704,-17.2760,29.2160
sensor, -0.0083,-0.0209,-0.0292, -0.0076,-0.0015,0.0015, -0.2085,-0.6202,-0.6589,0.3711, -28.7704,-17.2760,29.2160
sensor, 0.0056,0.0009,-0.0351, -0.0076,-0.0026,-0.0006, -0.2085,-0.6203,-0.6588,0.3711, -28.7704,-17.2760,29.2160
sensor, -0.0177,0.0058,-0.0120, -0.0055,-0.0026,-0.0038, -0.2085,-0.6203,-0.6588,0.3711, -28.7704,-17.2760,29.2160
sensor, -0.0055,0.0456,-0.0068, -0.0076,-0.0047,-0.0027, -0.2085,-0.6203,-0.6588,0.3711, -28.7704,-18.6737,27.1774
sensor, -0.0238,0.0451,-0.0091, -0.0076,-0.0026,-0.0027, -0.2085,-0.6203,-0.6588,0.3710, -28.7704,-18.6737,27.1774
sensor, -0.0248,0.0111,-0.0268, -0.0076,-0.0026,-0.0027, -0.2084,-0.6204,-0.6588,0.3710, -28.7704,-18.6737,27.1774
sensor, -0.0487,0.0701,-0.0239, -0.0066,-0.0005,-0.0038, -0.2084,-0.6204,-0.6588,0.3710, -28.7704,-18.6737,27.1774
sensor, -0.0540,0.0387,0.0156, -0.0066,-0.0005,-0.0038, -0.2082,-0.6205,-0.6588,0.3710, -28.7704,-17.2760,27.8564
sensor, -0.0230,0.0475,0.0140, -0.0023,-0.0005,-0.0027, -0.2081,-0.6205,-0.6588,0.3710, -28.7704,-17.2760,27.8564
sensor, -0.0049,0.0165,-0.0082, -0.0012,-0.0005,-0.0027, -0.2080,-0.6205,-0.6589,0.3710, -28.7704,-17.2760,27.8564
sensor, -0.0192,0.0192,-0.0162, -0.0012,-0.0005,-0.0027, -0.2080,-0.6205,-0.6589,0.3710, -28.7704,-17.2760,27.8564
sensor, -0.0082,0.0600,-0.0151, 0.0020,-0.0015,-0.0038, -0.2079,-0.6206,-0.6588,0.3710, -29.4693,-17.2760,26.4969
sensor, -0.0550,0.0358,-0.0240, -0.0002,-0.0037,-0.0006, -0.2078,-0.6206,-0.6588,0.3710, -29.4693,-17.2760,26.4969
sensor, -0.0031,0.0098,-0.0193, -0.0023,-0.0015,-0.0006, -0.2077,-0.6207,-0.6588,0.3710, -29.4693,-17.2760,26.4969
sensor, -0.0277,0.0278,-0.0180, -0.0034,-0.0026,0.0015, -0.2077,-0.6207,-0.6588,0.3710, -29.4693,-17.2760,26.4969
sensor, -0.0588,0.0009,-0.0059, -0.0034,-0.0026,0.0015, -0.2076,-0.6207,-0.6587,0.3710, -30.1682,-19.3726,27.1774
sensor, -0.0665,0.0106,-0.0196, -0.0023,-0.0015,0.0068, -0.2076,-0.6207,-0.6588,0.3710, -30.1682,-19.3726,27.1774
sensor, -0.0604,0.0030,-0.0380, -0.0034,-0.0005,0.0079, -0.2075,-0.6208,-0.6587,0.3710, -30.1682,-19.3726,27.1774
sensor, -0.0809,-0.0075,-0.0121, -0.0034,-0.0005,0.0090, -0.2075,-0.6208,-0.6587,0.3710, -30.1682,-19.3726,27.1774
sensor, -0.0294,0.0253,-0.0180, -0.0034,-0.0026,0.0100, -0.2075,-0.6208,-0.6587,0.3710, -30.1682,-17.9749,27.8564
sensor, -0.0559,0.0150,-0.0027, -0.0034,-0.0026,0.0111, -0.2074,-0.6209,-0.6587,0.3710, -30.1682,-17.9749,27.8564
sensor, -0.0612,0.0396,-0.0215, -0.0044,-0.0015,0.0143, -0.2074,-0.6209,-0.6587,0.3711, -30.1682,-17.9749,27.8564
sensor, -0.0778,0.0544,-0.0212, -0.0034,-0.0015,0.0154, -0.2073,-0.6209,-0.6586,0.3711, -30.1682,-17.9749,27.8564
sensor, -0.0696,0.0713,-0.0255, -0.0034,-0.0015,0.0175, -0.2072,-0.6209,-0.6586,0.3711, -28.7704,-17.2760,28.5355
sensor, -0.0556,0.0888,0.0126, -0.0023,-0.0015,0.0207, -0.2071,-0.6210,-0.6586,0.3711, -28.7704,-17.2760,28.5355
sensor, -0.0562,0.0925,0.0237, -0.0034,-0.0005,0.0239, -0.2070,-0.6210,-0.6586,0.3712, -28.7704,-17.2760,28.5355
sensor, -0.0605,0.1047,0.0256, 0.0009,0.0006,0.0260, -0.2070,-0.6210,-0.6586,0.3712, -28.7704,-17.2760,28.5355
sensor, -0.0667,0.1359,0.0285, 0.0020,-0.0005,0.0303, -0.2069,-0.6210,-0.6586,0.3713, -30.1682,-17.9749,28.5355
sensor, -0.0609,0.1157,0.0235, 0.0020,-0.0026,0.0367, -0.2067,-0.6211,-0.6585,0.3714, -30.1682,-17.9749,28.5355
sensor, -0.0645,0.1376,0.0546, 0.0052,-0.0037,0.0399, -0.2066,-0.6211,-0.6585,0.3714, -30.1682,-17.9749,28.5355
sensor, -0.0629,0.1414,0.0354, 0.0105,-0.0037,0.0473, -0.2065,-0.6211,-0.6585,0.3715, -30.1682,-17.9749,28.5355
sensor, -0.0444,0.1222,0.0246, 0.0169,-0.0026,0.0548, -0.2064,-0.6211,-0.6584,0.3716, -29.4693,-17.2760,27.8564
sensor, -0.0426,0.1195,0.0264, 0.0190,-0.0047,0.0644, -0.2063,-0.6212,-0.6583,0.3717, -29.4693,-17.2760,27.8564
sensor, -0.0301,0.0600,-0.0011, 0.0201,-0.0047,0.0697, -0.2063,-0.6212,-0.6582,0.3718, -29.4693,-17.2760,27.8564
sensor, -0.0130,0.0849,-0.0169, 0.0211,-0.0079,0.0740, -0.2063,-0.6212,-0.6581,0.3720, -29.4693,-17.2760,27.8564
sensor, 0.0163,0.0805,-0.0588, 0.0158,-0.0090,0.0793, -0.2064,-0.6213,-0.6580,0.3721, -29.4693,-16.5787,27.1774
sensor, -0.0059,0.0910,-0.0308, 0.0126,-0.0133,0.0803, -0.2064,-0.6214,-0.6578,0.3723, -29.4693,-16.5787,27.1774
sensor, 0.0219,0.0765,-0.0544, 0.0105,-0.0186,0.0846, -0.2065,-0.6214,-0.6577,0.3724, -29.4693,-16.5787,27.1774
sensor, 0.0112,0.0750,-0.0303, 0.0126,-0.0218,0.0878, -0.2066,-0.6214,-0.6576,0.3725, -29.4693,-16.5787,27.1774
sensor, -0.0155,0.0987,-0.0200, 0.0137,-0.0229,0.0899, -0.2067,-0.6215,-0.6574,0.3726, -29.4693,-17.9749,25.8179
sensor, -0.0421,0.0991,0.0130, 0.0169,-0.0239,0.0931, -0.2068,-0.6215,-0.6573,0.3728, -29.4693,-17.9749,25.8179
sensor, -0.0570,0.0891,-0.0110, 0.0179,-0.0260,0.0963, -0.2068,-0.6215,-0.6572,0.3729, -29.4693,-17.9749,25.8179
sensor, -0.0920,0.0549,0.0011, 0.0222,-0.0239,0.1027, -0.2069,-0.6216,-0.6570,0.3730, -29.4693,-17.9749,25.8179
sensor, -0.1025,0.0547,0.0057, 0.0265,-0.0282,0.1070, -0.2070,-0.6216,-0.6569,0.3732, -29.4693,-17.2760,26.4969
sensor, -0.1398,0.0802,0.0034, 0.0296,-0.0239,0.1091, -0.2071,-0.6217,-0.6567,0.3734, -29.4693,-17.2760,26.4969
sensor, -0.1456,0.0727,0.0205, 0.0307,-0.0207,0.1112, -0.2071,-0.6217,-0.6565,0.3735, -29.4693,-17.2760,26.4969
sensor, -0.1295,0.0570,0.0156, 0.0307,-0.0154,0.1102, -0.2072,-0.6218,-0.6564,0.3737, -29.4693,-17.2760,26.4969
sensor, -0.1177,0.0212,0.0015, 0.0307,-0.0111,0.1091, -0.2072,-0.6218,-0.6562,0.3739, -29.4693,-17.2760,27.8564
sensor, -0.1198,0.0432,-0.0123, 0.0339,-0.0047,0.1070, -0.2073,-0.6218,-0.6560,0.3741, -29.4693,-17.2760,27.8564
sensor, -0.0957,0.0389,0.0228, 0.0382,-0.0005,0.1049, -0.2073,-0.6219,-0.6559,0.3743, -29.4693,-17.2760,27.8564
sensor, -0.0681,0.0547,-0.0020, 0.0382,0.0017,0.1027, -0.2074,-0.6219,-0.6557,0.3745, -29.4693,-17.2760,27.8564
sensor, -0.0854,0.0794,0.0136, 0.0392,0.0048,0.1017, -0.2074,-0.6219,-0.6556,0.3747, -30.1682,-16.5787,27.8564
sensor, -0.0312,0.0636,0.0014, 0.0435,0.0059,0.1006, -0.2073,-0.6220,-0.6553,0.3751, -30.1682,-16.5787,27.8564
sensor, -0.0084,0.0836,0.0356, 0.0478,0.0048,0.1006, -0.2073,-0.6220,-0.6552,0.3753, -30.1682,-16.5787,27.8564
sensor, 0.0058,0.1074,0.0263, 0.0510,0.0048,0.1017, -0.2074,-0.6221,-0.6550,0.3755, -30.1682,-16.5787,27.8564
sensor, -0.0039,0.0585,0.0514, 0.0531,0.0027,0.1049, -0.2074,-0.6221,-0.6548,0.3757, -28.7704,-16.5787,27.1774
sensor, 0.0106,0.0570,0.0240, 0.0574,-0.0005,0.1091, -0.2074,-0.6221,-0.6547,0.3759, -28.7704,-16.5787,27.1774
sensor, -0.0163,0.0980,0.0476, 0.0584,-0.0015,0.1123, -0.2075,-0.6222,-0.6545,0.3762, -28.7704,-16.5787,27.1774
sensor, -0.0150,0.0878,0.0216, 0.0584,-0.0026,0.1155, -0.2076,-0.6222,-0.6543,0.3764, -28.7704,-16.5787,27.1774
sensor, -0.0171,0.0649,0.0068, 0.0574,-0.0026,0.1208, -0.2077,-0.6223,-0.6541,0.3766, -30.1682,-17.9749,28.5355
sensor, -0.0645,0.1060,-0.0008, 0.0584,-0.0026,0.1251, -0.2078,-0.6223,-0.6539,0.3768, -30.1682,-17.9749,28.5355
sensor, -0.0457,0.1105,0.0234, 0.0574,-0.0015,0.1304, -0.2078,-0.6224,-0.6537,0.3770, -30.1682,-17.9749,28.5355
sensor, -0.0535,0.1221,0.0139, 0.0552,0.0017,0.1368, -0.2079,-0.6224,-0.6535,0.3773, -30.1682,-17.9749,28.5355
sensor, -0.0110,0.1492,0.0264, 0.0552,0.0038,0.1453, -0.2080,-0.6225,-0.6532,0.3775, -30.1682,-15.8798,27.8564
sensor, 0.0195,0.2082,0.0403, 0.0552,0.0027,0.1571, -0.2079,-0.6226,-0.6529,0.3780, -30.1682,-15.8798,27.8564
sensor, 0.0001,0.2011,0.0706, 0.0584,-0.0005,0.1698, -0.2080,-0.6226,-0.6527,0.3783, -30.1682,-15.8798,27.8564
sensor, 0.0227,0.2226,0.0735, 0.0648,-0.0005,0.1858, -0.2081,-0.6226,-0.6524,0.3786, -30.1682,-15.8798,27.8564
sensor, 0.0408,0.2830,0.1350, 0.0701,-0.0015,0.1965, -0.2082,-0.6226,-0.6522,0.3790, -30.1682,-17.9749,29.2160
sensor, 0.0431,0.3116,0.0679, 0.0776,-0.0058,0.2071, -0.2084,-0.6226,-0.6520,0.3793, -30.1682,-17.9749,29.2160
sensor, 0.0263,0.2967,0.0836, 0.0861,-0.0133,0.2220, -0.2085,-0.6227,-0.6516,0.3797, -30.1682,-17.9749,29.2160
sensor, 0.0416,0.2930,0.0602, 0.0946,-0.0239,0.2412, -0.2087,-0.6228,-0.6513,0.3801, -30.1682,-17.9749,29.2160
sensor, -0.0060,0.2779,0.0332, 0.0968,-0.0356,0.2593, -0.2089,-0.6228,-0.6509,0.3805, -30.1682,-17.9749,28.5355
sensor, -0.0235,0.2786,0.0181, 0.0989,-0.0452,0.2785, -0.2092,-0.6229,-0.6505,0.3808, -30.1682,-17.9749,28.5355
sensor, -0.0524,0.3113,0.0523, 0.0978,-0.0569,0.2987, -0.2095,-0.6230,-0.6501,0.3813, -30.1682,-17.9749,28.5355
sensor, -0.0604,0.3235,0.0598, 0.0957,-0.0665,0.3168, -0.2098,-0.6231,-0.6496,0.3817, -30.1682,-17.9749,28.5355
sensor, -0.1055,0.3493,0.0938, 0.0968,-0.0697,0.3307, -0.2101,-0.6232,-0.6492,0.3822, -30.1682,-17.9749,27.1774
sensor, -0.1630,0.4108,0.0720, 0.1010,-0.0729,0.3499, -0.2105,-0.6233,-0.6487,0.3826, -30.1682,-17.9749,27.1774
sensor, -0.1667,0.4498,0.0967, 0.1064,-0.0697,0.3648, -0.2108,-0.6234,-0.6482,0.3831, -30.1682,-17.9749,27.1774
sensor, -0.2204,0.4845,0.1115, 0.1117,-0.0676,0.3786, -0.2111,-0.6235,-0.6477,0.3837, -30.1682,-17.9749,27.1774
sensor, -0.2253,0.5263,0.1515, 0.1202,-0.0612,0.3978, -0.2114,-0.6236,-0.6471,0.3843, -30.8670,-15.1810,27.8564
sensor, -0.2378,0.5712,0.1811, 0.1340,-0.0537,0.4180, -0.2115,-0.6238,-0.6464,0.3851, -30.8670,-15.1810,27.8564
sensor, -0.2303,0.5433,0.1591, 0.1490,-0.0516,0.4425, -0.2118,-0.6239,-0.6458,0.3858, -30.8670,-15.1810,27.8564
sensor, -0.2312,0.5754,0.1782, 0.1639,-0.0505,0.4681, -0.2121,-0.6240,-0.6451,0.3865, -30.8670,-15.1810,27.8564
sensor, -0.2044,0.5536,0.1734, 0.1788,-0.0495,0.4969, -0.2124,-0.6242,-0.6444,0.3873, -30.1682,-14.4821,28.5355
sensor, -0.2155,0.5518,0.1859, 0.1884,-0.0516,0.5278, -0.2126,-0.6243,-0.6436,0.3884, -30.1682,-14.4821,28.5355
sensor, -0.2003,0.5276,0.1304, 0.2001,-0.0569,0.5576, -0.2130,-0.6245,-0.6428,0.3892, -30.1682,-14.4821,28.5355
sensor, -0.2185,0.5061,0.1156, 0.2097,-0.0655,0.5895, -0.2135,-0.6246,-0.6419,0.3902, -30.1682,-14.4821,28.5355
sensor, -0.1663,0.4982,0.1306, 0.2139,-0.0729,0.6226, -0.2140,-0.6248,-0.6410,0.3911, -31.5643,-16.5787,28.5355
sensor, -0.1593,0.5068,0.1341, 0.2150,-0.0814,0.6577, -0.2146,-0.6249,-0.6400,0.3922, -31.5643,-16.5787,28.5355
sensor, -0.1602,0.5138,0.1586, 0.2182,-0.0878,0.6929, -0.2153,-0.6250,-0.6390,0.3932, -31.5643,-16.5787,28.5355
sensor, -0.1630,0.6036,0.1873, 0.2203,-0.0974,0.7280, -0.2161,-0.6252,-0.6380,0.3944, -31.5643,-16.5787,28.5355
sensor, -0.1652,0.6530,0.2232, 0.2278,-0.1059,0.7632, -0.2168,-0.6253,-0.6369,0.3955, -30.1682,-16.5787,27.8564
sensor, -0.1609,0.7083,0.3001, 0.2438,-0.1155,0.8015, -0.2178,-0.6253,-0.6358,0.3966, -30.1682,-16.5787,27.8564
sensor, -0.1530,0.7192,0.3507, 0.2640,-0.1219,0.8410, -0.2186,-0.6254,-0.6347,0.3978, -30.1682,-16.5787,27.8564
sensor, -0.1776,0.6998,0.3528, 0.2853,-0.1336,0.8761, -0.2195,-0.6255,-0.6334,0.3991, -30.1682,-16.5787,27.8564
sensor, -0.1799,0.6480,0.3491, 0.3066,-0.1432,0.9102, -0.2205,-0.6257,-0.6321,0.4005, -30.1682,-14.4821,27.1774
sensor, -0.2006,0.5824,0.3394, 0.3247,-0.1539,0.9421, -0.2215,-0.6258,-0.6307,0.4020, -30.1682,-14.4821,27.1774
sensor, -0.2115,0.4541,0.2623, 0.3354,-0.1677,0.9741, -0.2225,-0.6260,-0.6292,0.4034, -30.1682,-14.4821,27.1774
sensor, -0.2360,0.4093,0.2484, 0.3375,-0.1784,1.0061, -0.2237,-0.6261,-0.6277,0.4049, -30.1682,-14.4821,27.1774
sensor, -0.2835,0.3844,0.1964, 0.3365,-0.1837,1.0359, -0.2250,-0.6263,-0.6261,0.4064, -30.1682,-14.4821,28.5355
sensor, -0.2970,0.3476,0.1393, 0.3322,-0.1869,1.0647, -0.2264,-0.6264,-0.6245,0.4079, -30.1682,-14.4821,28.5355
sensor, -0.3545,0.3350,0.1891, 0.3279,-0.1901,1.0934, -0.2278,-0.6266,-0.6228,0.4095, -30.1682,-14.4821,28.5355
sensor, -0.3414,0.3477,0.1755, 0.3269,-0.1890,1.1243, -0.2292,-0.6267,-0.6211,0.4111, -30.1682,-14.4821,28.5355
sensor, -0.3782,0.3243,0.2141, 0.3279,-0.1901,1.1520, -0.2307,-0.6268,-0.6193,0.4128, -32.2632,-14.4821,29.8950
sensor, -0.3780,0.4188,0.2723, 0.3333,-0.1933,1.1808, -0.2323,-0.6268,-0.6176,0.4144, -32.2632,-14.4821,29.8950
sensor, -0.3989,0.3752,0.2739, 0.3428,-0.1954,1.2138, -0.2338,-0.6269,-0.6158,0.4162, -32.2632,-14.4821,29.8950
sensor, -0.3979,0.3953,0.2712, 0.3556,-0.1954,1.2479, -0.2354,-0.6269,-0.6139,0.4180, -32.2632,-14.4821,29.8950
sensor, -0.3993,0.3969,0.2872, 0.3727,-0.1997,1.2798, -0.2370,-0.6269,-0.6120,0.4198, -30.8670,-10.9909,29.2160
sensor, -0.3514,0.3572,0.2292, 0.3993,-0.2093,1.3427, -0.2387,-0.6270,-0.6100,0.4218, -30.8670,-10.9909,29.2160
sensor, -0.3664,0.2270,0.1920, 0.4078,-0.2210,1.3725, -0.2405,-0.6270,-0.6078,0.4238, -30.8670,-10.9909,29.2160
sensor, -0.3884,0.1713,0.1825, 0.4131,-0.2316,1.4055, -0.2428,-0.6271,-0.6051,0.4262, -30.8670,-10.9909,29.2160
sensor, -0.3959,0.1593,0.1347, 0.4153,-0.2455,1.4364, -0.2453,-0.6271,-0.6023,0.4288, -30.8670,-10.9909,29.2160
sensor, -0.4568,0.1270,0.1383, 0.4121,-0.2615,1.4939, -0.2478,-0.6271,-0.5994,0.4313, -32.9620,-12.3871,29.8950
sensor, -0.4986,0.0370,0.0930, 0.4121,-0.2689,1.5185, -0.2507,-0.6271,-0.5963,0.4340, -32.9620,-12.3871,29.8950
sensor, -0.5289,0.0068,0.1309, 0.4089,-0.2689,1.5440, -0.2534,-0.6270,-0.5934,0.4365, -32.9620,-12.3871,29.8950
sensor, -0.5783,0.0450,0.0889, 0.4078,-0.2679,1.5696, -0.2562,-0.6269,-0.5904,0.4391, -34.3582,-9.5932,30.5756
sensor, -0.6567,0.0818,0.1285, 0.4100,-0.2668,1.6175, -0.2590,-0.6268,-0.5872,0.4419, -34.3582,-9.5932,30.5756
sensor, -0.6815,-0.0167,0.1489, 0.4164,-0.2657,1.6474, -0.2622,-0.6266,-0.5837,0.4449, -34.3582,-9.5932,30.5756
sensor, -0.6986,0.0152,0.1645, 0.4259,-0.2625,1.6740, -0.2648,-0.6264,-0.5808,0.4474, -34.3582,-10.9909,30.5756
sensor, -0.7003,-0.0123,0.1874, 0.4398,-0.2583,1.6985, -0.2680,-0.6261,-0.5774,0.4503, -34.3582,-10.9909,30.5756
sensor, -0.7128,-0.0298,0.1667, 0.4590,-0.2498,1.7507, -0.2710,-0.6259,-0.5740,0.4532, -34.3582,-10.9909,30.5756
sensor, -0.7285,-0.2639,0.0948, 0.4653,-0.2519,1.7752, -0.2745,-0.6255,-0.5700,0.4566, -34.3582,-10.9909,30.5756
sensor, -0.6883,-0.2727,0.0455, 0.4653,-0.2498,1.8008, -0.2772,-0.6252,-0.5669,0.4593, -35.7559,-8.1970,31.9351
sensor, -0.7150,-0.2886,0.0554, 0.4643,-0.2465,1.8285, -0.2805,-0.6248,-0.5632,0.4624, -35.7559,-8.1970,31.9351
sensor, -0.6876,-0.3122,-0.0134, 0.4558,-0.2476,1.8551, -0.2838,-0.6243,-0.5594,0.4655, -35.7559,-8.1970,31.9351
sensor, -0.6800,-0.3116,-0.0686, 0.4472,-0.2551,1.8796, -0.2863,-0.6240,-0.5566,0.4678, -34.3582,-5.4031,31.9351
sensor, -0.7084,-0.3496,-0.0371, 0.4387,-0.2625,1.9020, -0.2890,-0.6236,-0.5535,0.4704, -34.3582,-5.4031,31.9351
sensor, -0.6831,-0.3265,0.0543, 0.4334,-0.2711,1.9275, -0.2918,-0.6231,-0.5504,0.4729, -34.3582,-5.4031,31.9351
sensor, -0.7295,-0.3097,0.0666, 0.4302,-0.2785,1.9446, -0.2947,-0.6226,-0.5473,0.4754, -34.3582,-5.4031,31.9351
sensor, -0.7059,-0.3078,0.0496, 0.4313,-0.2806,1.9595, -0.2975,-0.6220,-0.5441,0.4780, -35.7559,-5.4031,31.2546
sensor, -0.7414,-0.3007,0.0540, 0.4344,-0.2860,1.9723, -0.3005,-0.6215,-0.5409,0.4805, -35.7559,-5.4031,31.2546
sensor, -0.7891,-0.3323,0.0383, 0.4366,-0.2902,1.9861, -0.3034,-0.6209,-0.5377,0.4831, -35.7559,-5.4031,31.2546
sensor, -0.8539,-0.3156,0.1282, 0.4419,-0.2892,1.9936, -0.3063,-0.6203,-0.5344,0.4856, -35.7559,-5.4031,31.2546
sensor, -0.9078,-0.3024,0.1221, 0.4440,-0.2838,1.9989, -0.3092,-0.6197,-0.5311,0.4882, -35.7559,-1.9104,31.2546
sensor, -0.9208,-0.3408,0.0904, 0.4472,-0.2689,2.0032, -0.3120,-0.6191,-0.5277,0.4908, -35.7559,-1.9104,31.2546
sensor, -0.9896,-0.3260,0.1037, 0.4515,-0.2561,2.0085, -0.3149,-0.6184,-0.5244,0.4934, -35.7559,-1.9104,31.2546
sensor, -1.0055,-0.3183,0.1101, 0.4536,-0.2434,2.0127, -0.3178,-0.6177,-0.5211,0.4960, -35.7559,-1.9104,31.2546
sensor, -0.9803,-0.3551,0.0871, 0.4622,-0.2316,2.0138, -0.3206,-0.6169,-0.5177,0.4986, -36.4532,-2.6093,32.6141
sensor, -0.9626,-0.3278,0.1428, 0.4707,-0.2114,2.0159, -0.3235,-0.6162,-0.5144,0.5012, -36.4532,-2.6093,32.6141
sensor, -0.9075,-0.3196,0.1484, 0.4813,-0.1880,2.0170, -0.3263,-0.6153,-0.5109,0.5038, -36.4532,-2.6093,32.6141
sensor, -0.9189,-0.3894,0.0641, 0.4866,-0.1752,2.0181, -0.3290,-0.6145,-0.5076,0.5065, -36.4532,-2.6093,32.6141
sensor, -0.9080,-0.3939,0.0653, 0.4835,-0.1752,2.0191, -0.3317,-0.6136,-0.5041,0.5092, -35.0571,-0.5142,32.6141
sensor, -0.8699,-0.3777,0.1367, 0.4824,-0.1773,2.0234, -0.3345,-0.6127,-0.5007,0.5118, -35.0571,-0.5142,32.6141
sensor, -0.8656,-0.4029,0.1484, 0.4803,-0.1699,2.0255, -0.3372,-0.6118,-0.4973,0.5145, -35.0571,-0.5142,32.6141
sensor, -0.8193,-0.4028,0.1303, 0.4813,-0.1730,2.0319, -0.3399,-0.6108,-0.4938,0.5171, -35.0571,-0.5142,32.6141
sensor, -0.7972,-0.3772,0.1707, 0.4856,-0.1794,2.0362, -0.3427,-0.6099,-0.4903,0.5198, -37.1521,1.5808,33.2947
sensor, -0.7969,-0.3596,0.1882, 0.4909,-0.1805,2.0362, -0.3454,-0.6089,-0.4868,0.5224, -37.1521,1.5808,33.2947
sensor, -0.7812,-0.3576,0.1606, 0.5005,-0.1837,2.0383, -0.3481,-0.6079,-0.4833,0.5251, -37.1521,1.5808,33.2947
sensor, -0.8054,-0.3233,0.1560, 0.5112,-0.1890,2.0362, -0.3508,-0.6069,-0.4797,0.5277, -37.1521,1.5808,33.2947
sensor, -0.8193,-0.3604,0.1870, 0.5239,-0.1954,2.0319, -0.3535,-0.6059,-0.4762,0.5303, -35.7559,2.2797,33.2947
sensor, -0.8427,-0.2869,0.2091, 0.5357,-0.2008,2.0277, -0.3562,-0.6048,-0.4726,0.5329, -35.7559,2.2797,33.2947
sensor, -0.8572,-0.3300,0.1789, 0.5452,-0.1976,2.0159, -0.3588,-0.6038,-0.4689,0.5354, -35.7559,2.2797,33.2947
sensor, -0.8461,-0.2887,0.1789, 0.5570,-0.1880,2.0053, -0.3614,-0.6029,-0.4653,0.5380, -35.7559,2.2797,33.2947
sensor, -0.8625,-0.3306,0.1527, 0.5687,-0.1794,1.9914, -0.3639,-0.6019,-0.4616,0.5406, -38.5498,5.0735,32.6141
sensor, -0.8628,-0.3229,0.1792, 0.5772,-0.1677,1.9691, -0.3664,-0.6009,-0.4579,0.5431, -38.5498,5.0735,32.6141
sensor, -0.8615,-0.2993,0.2379, 0.5804,-0.1528,1.9488, -0.3688,-0.5999,-0.4543,0.5457, -38.5498,5.0735,32.6141
sensor, -0.8505,-0.2967,0.2290, 0.5879,-0.1379,1.9296, -0.3711,-0.5989,-0.4506,0.5482, -38.5498,5.0735,32.6141
sensor, -0.8498,-0.2862,0.2372, 0.5932,-0.1272,1.9051, -0.3734,-0.5979,-0.4470,0.5507, -37.8510,7.1686,32.6141
sensor, -0.8067,-0.3259,0.2660, 0.5974,-0.1145,1.8807, -0.3755,-0.5969,-0.4433,0.5533, -37.8510,7.1686,32.6141
sensor, -0.7536,-0.3166,0.2994, 0.6049,-0.0974,1.8551, -0.3777,-0.5959,-0.4398,0.5558, -37.8510,7.1686,32.6141
sensor, -0.7017,-0.3286,0.2827, 0.6092,-0.0825,1.8263, -0.3798,-0.5948,-0.4363,0.5583, -37.8510,7.1686,32.6141
sensor, -0.6594,-0.3359,0.3024, 0.6134,-0.0729,1.7997, -0.3818,-0.5937,-0.4328,0.5607, -37.1521,7.8674,33.9737
sensor, -0.6172,-0.3363,0.2689, 0.6166,-0.0676,1.7794, -0.3838,-0.5926,-0.4294,0.5631, -37.1521,7.8674,33.9737
sensor, -0.6202,-0.3599,0.2640, 0.6177,-0.0708,1.7581, -0.3857,-0.5915,-0.4260,0.5655, -37.1521,7.8674,33.9737
sensor, -0.5630,-0.3563,0.2905, 0.6187,-0.0772,1.7368, -0.3876,-0.5905,-0.4226,0.5679, -37.1521,7.8674,33.9737
sensor, -0.5462,-0.3829,0.2876, 0.6198,-0.0814,1.7177, -0.3894,-0.5894,-0.4192,0.5702, -38.5498,10.6613,33.2947
sensor, -0.4984,-0.3286,0.2322, 0.6219,-0.0921,1.6995, -0.3912,-0.5884,-0.4157,0.5726, -38.5498,10.6613,33.2947
sensor, -0.5111,-0.3208,0.2447, 0.6209,-0.1070,1.6814, -0.3930,-0.5875,-0.4123,0.5748, -38.5498,10.6613,33.2947
sensor, -0.5153,-0.2747,0.2533, 0.6187,-0.1209,1.6612, -0.3947,-0.5865,-0.4089,0.5770, -38.5498,10.6613,33.2947
sensor, -0.5342,-0.2805,0.3064, 0.6230,-0.1294,1.6442, -0.3965,-0.5856,-0.4055,0.5792, -39.2471,12.0575,33.2947
sensor, -0.5619,-0.2778,0.2872, 0.6315,-0.1411,1.6282, -0.3982,-0.5846,-0.4022,0.5813, -39.2471,12.0575,33.2947
sensor, -0.5773,-0.2988,0.2158, 0.6369,-0.1539,1.6111, -0.3998,-0.5838,-0.3988,0.5834, -39.2471,12.0575,33.2947
sensor, -0.5706,-0.3092,0.1992, 0.6400,-0.1613,1.5952, -0.4014,-0.5829,-0.3954,0.5854, -37.8510,14.1525,35.3333
sensor, -0.6268,-0.3375,0.2372, 0.6411,-0.1635,1.5813, -0.4032,-0.5820,-0.3916,0.5876, -37.8510,14.1525,35.3333
sensor, -0.6403,-0.3207,0.2313, 0.6400,-0.1635,1.5632, -0.4047,-0.5812,-0.3885,0.5895, -37.8510,14.1525,35.3333
sensor, -0.6792,-0.4252,0.2585, 0.6337,-0.1709,1.5376, -0.4067,-0.5802,-0.3841,0.5920, -37.8510,14.1525,35.3333
sensor, -0.7151,-0.4204,0.2849, 0.6241,-0.1656,1.5248, -0.4086,-0.5792,-0.3799,0.5944, -37.8510,14.1525,35.3333
sensor, -0.7418,-0.4324,0.2379, 0.6187,-0.1624,1.5110, -0.4105,-0.5781,-0.3758,0.5967, -37.8510,14.8514,32.6141
sensor, -0.8030,-0.3558,0.2691, 0.6102,-0.1635,1.5035, -0.4124,-0.5770,-0.3717,0.5989, -37.8510,14.8514,32.6141
sensor, -0.9210,-0.3923,0.3691, 0.6038,-0.1581,1.4886, -0.4143,-0.5760,-0.3676,0.6012, -37.8510,14.8514,32.6141
sensor, -0.9622,-0.3483,0.5031, 0.6060,-0.1592,1.4865, -0.4161,-0.5749,-0.3636,0.6035, -35.7559,15.5502,33.9737
sensor, -0.9392,-0.3238,0.4739, 0.6124,-0.1486,1.4844, -0.4181,-0.5737,-0.3598,0.6056, -35.7559,15.5502,33.9737
sensor, -0.9209,-0.3164,0.4327, 0.6166,-0.1326,1.4822, -0.4199,-0.5725,-0.3556,0.6079, -35.7559,15.5502,33.9737
sensor, -0.8784,-0.3882,0.2989, 0.6315,-0.1113,1.4876, -0.4215,-0.5714,-0.3517,0.6101, -36.4532,16.2491,33.2947
sensor, -0.8664,-0.4376,0.2575, 0.6337,-0.1038,1.4929, -0.4234,-0.5700,-0.3479,0.6122, -36.4532,16.2491,33.2947
sensor, -0.8518,-0.4494,0.2368, 0.6315,-0.0985,1.4961, -0.4251,-0.5688,-0.3438,0.6145, -36.4532,16.2491,33.2947
sensor, -0.7838,-0.4867,0.2023, 0.6262,-0.1017,1.4993, -0.4269,-0.5674,-0.3394,0.6170, -35.7559,20.4391,33.9737
sensor, -0.7806,-0.5012,0.2182, 0.6166,-0.1049,1.5003, -0.4283,-0.5663,-0.3360,0.6188, -35.7559,20.4391,33.9737
sensor, -0.7601,-0.5452,0.2085, 0.6017,-0.1081,1.5035, -0.4297,-0.5653,-0.3327,0.6206, -35.7559,20.4391,33.9737
sensor, -0.7930,-0.5491,0.1651, 0.5889,-0.1145,1.5035, -0.4311,-0.5642,-0.3294,0.6224, -36.4532,19.7403,32.6141
sensor, -0.7753,-0.5408,0.1562, 0.5751,-0.1262,1.4993, -0.4327,-0.5629,-0.3263,0.6241, -36.4532,19.7403,32.6141
sensor, -0.7486,-0.5208,0.1959, 0.5602,-0.1315,1.5003, -0.4342,-0.5618,-0.3230,0.6257, -36.4532,19.7403,32.6141
sensor, -0.7678,-0.4621,0.2313, 0.5463,-0.1304,1.4950, -0.4356,-0.5607,-0.3196,0.6274, -36.4532,19.7403,32.6141
sensor, -0.7787,-0.4021,0.2563, 0.5346,-0.1347,1.4833, -0.4371,-0.5596,-0.3164,0.6291, -37.1521,21.1380,32.6141
sensor, -0.8041,-0.3817,0.2794, 0.5261,-0.1379,1.4726, -0.4388,-0.5583,-0.3134,0.6306, -37.1521,21.1380,32.6141
sensor, -0.7578,-0.3076,0.3107, 0.5239,-0.1390,1.4588, -0.4402,-0.5571,-0.3102,0.6322, -37.1521,21.1380,32.6141
sensor, -0.7840,-0.3118,0.3383, 0.5250,-0.1336,1.4428, -0.4416,-0.5560,-0.3070,0.6337, -37.1521,21.1380,32.6141
sensor, -0.7725,-0.2657,0.3286, 0.5303,-0.1251,1.4258, -0.4430,-0.5549,-0.3038,0.6353, -35.7559,21.8353,33.9737
sensor, -0.7726,-0.3109,0.2902, 0.5357,-0.1177,1.4077, -0.4446,-0.5535,-0.3010,0.6366, -35.7559,21.8353,33.9737
sensor, -0.7683,-0.2972,0.2938, 0.5388,-0.1166,1.3896, -0.4459,-0.5524,-0.2979,0.6382, -35.7559,21.8353,33.9737
sensor, -0.7533,-0.2901,0.3520, 0.5463,-0.1123,1.3715, -0.4471,-0.5513,-0.2948,0.6397, -35.7559,21.8353,33.9737
sensor, -0.6992,-0.2888,0.2663, 0.5484,-0.1059,1.3502, -0.4483,-0.5502,-0.2918,0.6412, -35.0571,23.9319,33.2947
sensor, -0.7319,-0.3082,0.2982, 0.5506,-0.0985,1.3086, -0.4497,-0.5490,-0.2889,0.6426, -35.0571,23.9319,33.2947
sensor, -0.6794,-0.3703,0.2602, 0.5452,-0.0953,1.2884, -0.4508,-0.5479,-0.2860,0.6441, -35.0571,23.9319,33.2947
sensor, -0.6785,-0.3433,0.2302, 0.5431,-0.0974,1.2628, -0.4518,-0.5468,-0.2830,0.6455, -35.0571,23.9319,33.2947
sensor, -0.6545,-0.3137,0.2364, 0.5378,-0.0964,1.2383, -0.4528,-0.5458,-0.2802,0.6469, -35.0571,26.0269,36.0123
sensor, -0.6503,-0.3008,0.2488, 0.5378,-0.0974,1.2181, -0.4541,-0.5446,-0.2776,0.6482, -35.0571,26.0269,36.0123
sensor, -0.6425,-0.3025,0.2577, 0.5442,-0.0953,1.1936, -0.4551,-0.5436,-0.2748,0.6495, -35.0571,26.0269,36.0123
sensor, -0.6455,-0.2749,0.3373, 0.5506,-0.0942,1.1701, -0.4560,-0.5426,-0.2720,0.6509, -35.0571,26.0269,36.0123
sensor, -0.6260,-0.2910,0.3600, 0.5602,-0.0953,1.1488, -0.4568,-0.5417,-0.2693,0.6522, -34.3582,26.0269,33.9737
sensor, -0.5897,-0.2695,0.4005, 0.5729,-0.0974,1.1296, -0.4579,-0.5405,-0.2669,0.6534, -34.3582,26.0269,33.9737
sensor, -0.6033,-0.3044,0.3926, 0.5868,-0.0953,1.1073, -0.4586,-0.5396,-0.2642,0.6547, -34.3582,26.0269,33.9737
sensor, -0.5840,-0.3513,0.3997, 0.5996,-0.0942,1.0881, -0.4593,-0.5387,-0.2615,0.6561, -34.3582,26.0269,33.9737
sensor, -0.5490,-0.3752,0.4157, 0.6102,-0.0985,1.0657, -0.4599,-0.5379,-0.2588,0.6574, -34.3582,26.0269,33.2947
sensor, -0.5594,-0.4251,0.3155, 0.6102,-0.0985,1.0657, -0.4609,-0.5367,-0.2567,0.6585, -34.3582,26.0269,33.2947
sensor, -0.5621,-0.4668,0.2881, 0.6187,-0.1049,1.0423, -0.4615,-0.5359,-0.2540,0.6598, -34.3582,26.0269,33.2947
sensor, -0.5182,-0.5469,0.2968, 0.6156,-0.1155,0.9901, -0.4620,-0.5352,-0.2513,0.6611, -34.3582,26.0269,33.2947
sensor, -0.5467,-0.5916,0.3039, 0.6060,-0.1209,0.9624, -0.4633,-0.5334,-0.2466,0.6633, -33.6609,28.8208,33.9737
sensor, -0.5582,-0.6289,0.2564, 0.5910,-0.1219,0.9358, -0.4633,-0.5334,-0.2466,0.6633, -33.6609,28.8208,33.9737
sensor, -0.5225,-0.6439,0.2486, 0.5910,-0.1219,0.9358, -0.4638,-0.5328,-0.2441,0.6645, -33.6609,28.8208,33.9737
sensor, -0.5653,-0.6547,0.2643, 0.5719,-0.1251,0.9049, -0.4642,-0.5321,-0.2416,0.6656, -33.6609,28.8208,33.9737
sensor, -0.5760,-0.6785,0.2493, 0.5527,-0.1294,0.8708, -0.4647,-0.5314,-0.2393,0.6666, -33.6609,28.8208,33.9737
sensor, -0.6120,-0.5986,0.2553, 0.5229,-0.1251,0.8026, -0.4656,-0.5305,-0.2376,0.6674, -33.6609,28.8208,33.9737
sensor, -0.6480,-0.5830,0.2620, 0.5229,-0.1251,0.8026, -0.4663,-0.5293,-0.2333,0.6693, -33.6609,28.8208,33.9737
sensor, -0.7175,-0.5187,0.3198, 0.4984,-0.1070,0.7376, -0.4663,-0.5293,-0.2333,0.6693, -33.6609,28.8208,33.9737
sensor, -0.7660,-0.4622,0.3690, 0.4930,-0.0932,0.7142, -0.4671,-0.5280,-0.2295,0.6711, -33.6609,30.9158,33.2947
sensor, -0.8243,-0.4370,0.3779, 0.4930,-0.0772,0.6918, -0.4674,-0.5275,-0.2276,0.6720, -33.6609,30.9158,33.2947
sensor, -0.8906,-0.4491,0.4126, 0.4941,-0.0591,0.6737, -0.4676,-0.5269,-0.2258,0.6729, -33.6609,30.9158,33.2947
sensor, -0.9199,-0.4385,0.4075, 0.4952,-0.0463,0.6620, -0.4676,-0.5269,-0.2258,0.6729, -33.6609,30.9158,33.2947
sensor, -0.9556,-0.4230,0.3572, 0.4962,-0.0324,0.6545, -0.4678,-0.5263,-0.2240,0.6739, -31.5643,30.9158,33.2947
sensor, -0.9586,-0.4698,0.3570, 0.4962,-0.0324,0.6545, -0.4681,-0.5255,-0.2224,0.6748, -31.5643,30.9158,33.2947
sensor, -0.9565,-0.5042,0.2878, 0.4920,-0.0133,0.6375, -0.4684,-0.5242,-0.2189,0.6767, -31.5643,30.9158,33.2947
sensor, -0.8798,-0.5655,0.2965, 0.4920,-0.0133,0.6375, -0.4686,-0.5236,-0.2172,0.6776, -31.5643,30.9158,33.2947
sensor, -0.8326,-0.6461,0.2275, 0.4685,-0.0015,0.6236, -0.4690,-0.5227,-0.2158,0.6784, -32.9620,30.9158,33.9737
sensor, -0.7696,-0.6426,0.1535, 0.4526,0.0027,0.6172, -0.4692,-0.5220,-0.2141,0.6793, -32.9620,30.9158,33.9737
sensor, -0.7406,-0.6713,0.1556, 0.4526,0.0027,0.6172, -0.4692,-0.5220,-0.2141,0.6793, -32.9620,30.9158,33.9737
sensor, -0.7230,-0.7144,0.1554, 0.4313,-0.0005,0.6130, -0.4694,-0.5214,-0.2125,0.6802, -32.9620,30.9158,33.9737
sensor, -0.7182,-0.7305,0.1851, 0.3833,-0.0133,0.6055, -0.4702,-0.5198,-0.2097,0.6817, -32.2632,30.9158,31.9351
sensor, -0.7579,-0.6617,0.2158, 0.3620,-0.0175,0.6013, -0.4702,-0.5198,-0.2097,0.6817, -32.2632,30.9158,31.9351
sensor, -0.7905,-0.6584,0.2511, 0.3450,-0.0196,0.5981, -0.4709,-0.5185,-0.2067,0.6832, -32.2632,30.9158,31.9351
sensor, -0.8023,-0.5806,0.2945, 0.3322,-0.0207,0.5959, -0.4709,-0.5185,-0.2067,0.6832, -32.2632,30.9158,31.9351
sensor, -0.8569,-0.5186,0.3816, 0.3237,-0.0186,0.5917, -0.4719,-0.5168,-0.2041,0.6845, -31.5643,30.2170,32.6141
sensor, -0.8433,-0.4707,0.3758, 0.3237,-0.0143,0.5832, -0.4719,-0.5168,-0.2041,0.6845, -31.5643,30.2170,32.6141
sensor, -0.8633,-0.4168,0.4384, 0.3258,-0.0047,0.5768, -0.4722,-0.5162,-0.2027,0.6852, -31.5643,30.2170,32.6141
sensor, -0.8404,-0.4340,0.4259, 0.3343,0.0048,0.5672, -0.4725,-0.5155,-0.2013,0.6859, -31.5643,30.2170,32.6141
sensor, -0.8032,-0.4484,0.4160, 0.3343,0.0048,0.5672, -0.4732,-0.5139,-0.1988,0.6874, -30.8670,32.3120,31.9351
sensor, -0.7899,-0.5116,0.3174, 0.3428,0.0134,0.5544, -0.4732,-0.5139,-0.1988,0.6874, -30.8670,32.3120,31.9351
sensor, -0.7296,-0.5529,0.3480, 0.3471,0.0230,0.5384, -0.4734,-0.5132,-0.1975,0.6881, -30.8670,32.3120,31.9351
sensor, -0.6584,-0.5664,0.3108, 0.3428,0.0432,0.5086, -0.4736,-0.5125,-0.1962,0.6889, -30.8670,32.3120,31.9351
sensor, -0.6176,-0.6369,0.2296, 0.3311,0.0506,0.4883, -0.4739,-0.5111,-0.1935,0.6905, -32.9620,32.3120,31.9351
sensor, -0.6180,-0.6601,0.2455, 0.3311,0.0506,0.4883, -0.4739,-0.5111,-0.1935,0.6905, -32.9620,32.3120,31.9351
sensor, -0.5697,-0.6967,0.1789, 0.3141,0.0517,0.4713, -0.4744,-0.5101,-0.1927,0.6911, -32.9620,32.3120,31.9351
sensor, -0.5531,-0.6542,0.1840, 0.2715,0.0443,0.4393, -0.4746,-0.5095,-0.1916,0.6917, -32.9620,32.3120,31.9351
sensor, -0.5389,-0.6512,0.2049, 0.2715,0.0443,0.4393, -0.4748,-0.5089,-0.1906,0.6923, -32.9620,32.3120,31.9351
sensor, -0.5329,-0.5667,0.2048, 0.2470,0.0421,0.4223, -0.4750,-0.5083,-0.1896,0.6929, -30.8670,33.7097,33.9737
sensor, -0.5958,-0.4726,0.2977, 0.2267,0.0336,0.4074, -0.4758,-0.5067,-0.1876,0.6941, -30.8670,33.7097,33.9737
sensor, -0.6166,-0.3793,0.3279, 0.1841,0.0102,0.3712, -0.4761,-0.5060,-0.1865,0.6946, -30.8670,33.7097,33.9737
sensor, -0.6610,-0.3349,0.3432, 0.1820,0.0070,0.3637, -0.4761,-0.5060,-0.1865,0.6946, -30.8670,33.0109,31.9351
sensor, -0.7471,-0.2825,0.3602, 0.1884,0.0059,0.3605, -0.4763,-0.5055,-0.1855,0.6951, -30.8670,33.0109,31.9351
sensor, -0.7877,-0.2433,0.3950, 0.1884,0.0059,0.3605, -0.4771,-0.5040,-0.1838,0.6961, -30.8670,33.0109,31.9351
sensor, -0.7802,-0.2949,0.4076, 0.1969,0.0080,0.3616, -0.4771,-0.5040,-0.1838,0.6961, -30.8670,33.7097,31.9351
sensor, -0.7230,-0.2841,0.3841, 0.2118,0.0155,0.3626, -0.4777,-0.5026,-0.1821,0.6971, -30.8670,33.7097,31.9351
sensor, -0.7109,-0.3105,0.3566, 0.2118,0.0155,0.3626, -0.4777,-0.5026,-0.1821,0.6971, -30.8670,33.7097,31.9351
sensor, -0.6484,-0.3976,0.3264, 0.2171,0.0208,0.3531, -0.4782,-0.5014,-0.1806,0.6981, -30.1682,35.1059,30.5756
sensor, -0.5943,-0.4102,0.2932, 0.2139,0.0208,0.3467, -0.4782,-0.5014,-0.1806,0.6981, -30.1682,35.1059,30.5756
sensor, -0.5664,-0.4384,0.2925, 0.2065,0.0198,0.3403, -0.4783,-0.5010,-0.1798,0.6985, -30.1682,35.1059,30.5756
sensor, -0.5393,-0.4517,0.2736, 0.1958,0.0155,0.3307, -0.4786,-0.5000,-0.1782,0.6994, -30.1682,35.1059,30.5756
sensor, -0.4908,-0.5015,0.2549, 0.1958,0.0155,0.3307, -0.4792,-0.4991,-0.1780,0.6997, -30.1682,34.4086,30.5756
sensor, -0.4766,-0.5036,0.2448, 0.1713,0.0006,0.3115, -0.4794,-0.4987,-0.1773,0.7000, -30.1682,34.4086,30.5756
sensor, -0.4696,-0.4479,0.2124, 0.1596,-0.0058,0.3019, -0.4794,-0.4987,-0.1773,0.7000, -30.1682,34.4086,30.5756
sensor, -0.4485,-0.4576,0.1857, 0.1436,-0.0175,0.2934, -0.4796,-0.4983,-0.1765,0.7004, -30.1682,34.4086,30.5756
sensor, -0.4910,-0.3670,0.2440, 0.1436,-0.0175,0.2934, -0.4798,-0.4979,-0.1758,0.7007, -30.8670,35.1059,31.2546
sensor, -0.5052,-0.3707,0.3005, 0.1223,-0.0356,0.2700, -0.4805,-0.4971,-0.1758,0.7008, -30.8670,35.1059,31.2546
sensor, -0.5588,-0.3224,0.2988, 0.1159,-0.0420,0.2625, -0.4807,-0.4968,-0.1751,0.7011, -30.8670,35.1059,31.2546
sensor, -0.5969,-0.2611,0.3269, 0.1106,-0.0463,0.2551, -0.4811,-0.4962,-0.1739,0.7015, -30.8670,35.1059,31.2546
sensor, -0.6465,-0.2139,0.3583, 0.1127,-0.0484,0.2497, -0.4811,-0.4962,-0.1739,0.7015, -30.1682,34.4086,29.2160
sensor, -0.6952,-0.1803,0.3966, 0.1191,-0.0505,0.2476, -0.4817,-0.4955,-0.1738,0.7016, -30.1682,34.4086,29.2160
sensor, -0.7289,-0.1496,0.3995, 0.1191,-0.0505,0.2476, -0.4819,-0.4952,-0.1732,0.7018, -30.1682,34.4086,29.2160
sensor, -0.7473,-0.1570,0.4144, 0.1287,-0.0473,0.2433, -0.4820,-0.4949,-0.1726,0.7021, -30.1682,34.4086,29.2160
sensor, -0.7183,-0.2059,0.3765, 0.1468,-0.0420,0.2401, -0.4822,-0.4946,-0.1720,0.7023, -29.4693,33.7097,31.2546
sensor, -0.7165,-0.2749,0.3099, 0.1500,-0.0420,0.2380, -0.4823,-0.4944,-0.1713,0.7026, -29.4693,33.7097,31.2546
sensor, -0.6603,-0.3133,0.3331, 0.1500,-0.0452,0.2337, -0.4830,-0.4935,-0.1715,0.7027, -29.4693,33.7097,31.2546
sensor, -0.6365,-0.3806,0.2694, 0.1447,-0.0495,0.2295, -0.4832,-0.4930,-0.1702,0.7032, -29.4693,33.7097,31.2546
sensor, -0.6329,-0.3898,0.2220, 0.1330,-0.0516,0.2263, -0.4832,-0.4930,-0.1702,0.7032, -30.1682,34.4086,30.5756
sensor, -0.6255,-0.4439,0.2144, 0.1330,-0.0516,0.2263, -0.4839,-0.4922,-0.1703,0.7032, -30.1682,34.4086,30.5756
sensor, -0.6568,-0.4271,0.1727, 0.1074,-0.0665,0.2199, -0.4843,-0.4918,-0.1691,0.7036, -30.1682,34.4086,30.5756
sensor, -0.6697,-0.4330,0.1747, 0.0914,-0.0804,0.2210, -0.4843,-0.4918,-0.1691,0.7036, -30.1682,34.4086,30.5756
sensor, -0.7099,-0.4372,0.2561, 0.0914,-0.0804,0.2210, -0.4845,-0.4916,-0.1686,0.7037, -30.1682,34.4086,30.5756
sensor, -0.7485,-0.3949,0.2830, 0.0627,-0.0729,0.2167, -0.4854,-0.4907,-0.1688,0.7036, -30.1682,34.4086,31.9351
sensor, -0.8195,-0.3381,0.3181, 0.0520,-0.0729,0.2135, -0.4857,-0.4905,-0.1683,0.7037, -30.1682,34.4086,31.9351
sensor, -0.8680,-0.2606,0.3520, 0.0456,-0.0623,0.2071, -0.4860,-0.4902,-0.1678,0.7038, -30.1682,34.4086,31.9351
sensor, -0.8647,-0.1786,0.3659, 0.0446,-0.0495,0.1997, -0.4863,-0.4900,-0.1673,0.7039, -28.7704,35.1059,30.5756
sensor, -0.8943,-0.1350,0.3919, 0.0456,-0.0346,0.1901, -0.4872,-0.4890,-0.1671,0.7040, -28.7704,35.1059,30.5756
sensor, -0.8508,-0.0441,0.4219, 0.0510,-0.0186,0.1784, -0.4872,-0.4890,-0.1671,0.7040, -28.7704,35.1059,30.5756
sensor, -0.8301,0.0112,0.4412, 0.0510,-0.0186,0.1784, -0.4874,-0.4887,-0.1667,0.7042, -28.7704,35.1059,30.5756
sensor, -0.7853,0.0072,0.4660, 0.0595,-0.0015,0.1624, -0.4875,-0.4884,-0.1664,0.7044, -29.4693,36.5036,30.5756
sensor, -0.6998,0.0190,0.4173, 0.0872,0.0304,0.1251, -0.4880,-0.4877,-0.1666,0.7045, -29.4693,36.5036,30.5756
sensor, -0.6388,-0.0271,0.3935, 0.0872,0.0304,0.1251, -0.4880,-0.4874,-0.1664,0.7047, -29.4693,36.5036,30.5756
sensor, -0.5878,-0.0923,0.2844, 0.1085,0.0400,0.0867, -0.4879,-0.4870,-0.1659,0.7052, -29.4693,36.5036,30.5756
sensor, -0.5566,-0.1325,0.2859, 0.1095,0.0336,0.0750, -0.4879,-0.4870,-0.1659,0.7052, -29.4693,35.1059,31.2546
sensor, -0.5189,-0.1744,0.2834, 0.1138,0.0262,0.0665, -0.4883,-0.4862,-0.1665,0.7052, -29.4693,35.1059,31.2546
sensor, -0.4887,-0.2517,0.2443, 0.1032,-0.0015,0.0590, -0.4883,-0.4861,-0.1663,0.7055, -29.4693,35.1059,31.2546
sensor, -0.4550,-0.2756,0.2199, 0.1032,-0.0015,0.0590, -0.4882,-0.4859,-0.1661,0.7056, -29.4693,35.1059,31.2546
sensor, -0.5086,-0.3126,0.1839, 0.0904,-0.0303,0.0633, -0.4887,-0.4852,-0.1664,0.7057, -29.4693,33.7097,30.5756
sensor, -0.5476,-0.3302,0.2351, 0.0904,-0.0303,0.0633, -0.4887,-0.4852,-0.1664,0.7057, -29.4693,33.7097,30.5756
sensor, -0.5990,-0.3056,0.2733, 0.0744,-0.0431,0.0590, -0.4888,-0.4851,-0.1662,0.7058, -29.4693,33.7097,30.5756
sensor, -0.6660,-0.3305,0.2767, 0.0701,-0.0431,0.0590, -0.4888,-0.4849,-0.1657,0.7060, -29.4693,33.7097,30.5756
sensor, -0.7316,-0.3148,0.2769, 0.0701,-0.0399,0.0580, -0.4892,-0.4845,-0.1660,0.7060, -28.7704,35.8047,29.2160
sensor, -0.8354,-0.2578,0.3438, 0.0701,-0.0399,0.0580, -0.4892,-0.4845,-0.1660,0.7060, -28.7704,35.8047,29.2160
sensor, -0.8619,-0.2356,0.3459, 0.0574,-0.0196,0.0495, -0.4893,-0.4844,-0.1658,0.7061, -28.7704,35.8047,29.2160
sensor, -0.8914,-0.1977,0.3608, 0.0574,-0.0196,0.0495, -0.4893,-0.4841,-0.1654,0.7063, -28.7704,35.8047,29.2160
sensor, -0.8860,-0.1842,0.3741, 0.0542,-0.0069,0.0473, -0.4893,-0.4841,-0.1654,0.7063, -28.7704,35.8047,29.2160
sensor, -0.7865,-0.1157,0.3881, 0.0531,0.0251,0.0367, -0.4898,-0.4831,-0.1659,0.7065, -28.7704,35.1059,31.2546
sensor, -0.7518,-0.1556,0.3575, 0.0542,0.0357,0.0292, -0.4898,-0.4831,-0.1659,0.7065, -28.7704,35.1059,31.2546
sensor, -0.6763,-0.1282,0.3434, 0.0542,0.0421,0.0218, -0.4896,-0.4827,-0.1659,0.7069, -28.7704,35.1059,31.2546
sensor, -0.5761,-0.1873,0.2904, 0.0563,0.0475,0.0132, -0.4901,-0.4819,-0.1666,0.7070, -28.0731,35.8047,31.9351
sensor, -0.5147,-0.2261,0.2504, 0.0552,0.0464,0.0090, -0.4901,-0.4819,-0.1666,0.7070, -28.0731,35.8047,31.9351
sensor, -0.5051,-0.2777,0.2596, 0.0488,0.0368,0.0047, -0.4902,-0.4812,-0.1666,0.7074, -28.0731,35.8047,31.9351
sensor, -0.5269,-0.2521,0.2726, 0.0392,0.0230,0.0058, -0.4909,-0.4803,-0.1674,0.7073, -29.4693,34.4086,30.5756
sensor, -0.5263,-0.2561,0.2860, 0.0296,0.0102,0.0111, -0.4910,-0.4800,-0.1674,0.7074, -29.4693,34.4086,30.5756
sensor, -0.6394,-0.2170,0.2940, 0.0211,-0.0005,0.0218, -0.4910,-0.4800,-0.1674,0.7074, -29.4693,34.4086,30.5756
sensor, -0.6570,-0.1744,0.3486, 0.0105,-0.0175,0.0399, -0.4912,-0.4797,-0.1673,0.7075, -29.4693,34.4086,30.5756
sensor, -0.7073,-0.1505,0.3651, 0.0105,-0.0207,0.0452, -0.4914,-0.4793,-0.1672,0.7076, -28.7704,35.8047,31.9351
sensor, -0.7500,-0.1361,0.4052, 0.0094,-0.0143,0.0495, -0.4921,-0.4785,-0.1678,0.7076, -28.7704,35.8047,31.9351
sensor, -0.7595,-0.1118,0.3860, 0.0126,0.0112,0.0399, -0.4924,-0.4781,-0.1678,0.7077, -29.4693,34.4086,29.8950
sensor, -0.7204,-0.1044,0.3751, 0.0126,0.0112,0.0399, -0.4930,-0.4771,-0.1685,0.7077, -29.4693,34.4086,29.8950
sensor, -0.6862,-0.0822,0.3052, 0.0105,0.0262,0.0324, -0.4932,-0.4767,-0.1685,0.7079, -29.4693,34.4086,29.8950
sensor, -0.6608,-0.0577,0.3307, 0.0105,0.0506,0.0090, -0.4934,-0.4759,-0.1687,0.7082, -29.4693,34.4086,29.8950
sensor, -0.5793,-0.0444,0.3223, 0.0126,0.0592,-0.0059, -0.4934,-0.4759,-0.1687,0.7082, -30.1682,35.1059,30.5756
sensor, -0.5365,-0.0472,0.3230, 0.0126,0.0592,-0.0059, -0.4940,-0.4751,-0.1696,0.7082, -30.1682,35.1059,30.5756
sensor, -0.4465,-0.0603,0.2664, 0.0190,0.0666,-0.0315, -0.4940,-0.4747,-0.1698,0.7084, -30.1682,35.1059,30.5756
sensor, -0.3849,-0.0262,0.2595, 0.0190,0.0666,-0.0315, -0.4939,-0.4744,-0.1699,0.7086, -30.1682,35.1059,30.5756
sensor, -0.3505,-0.0409,0.2616, 0.0211,0.0592,-0.0528, -0.4939,-0.4742,-0.1701,0.7087, -30.1682,33.7097,30.5756
sensor, -0.3015,-0.0478,0.2886, 0.0211,0.0592,-0.0528, -0.4943,-0.4732,-0.1714,0.7088, -30.1682,33.7097,30.5756
sensor, -0.3026,-0.0669,0.2463, 0.0211,0.0347,-0.0645, -0.4943,-0.4730,-0.1716,0.7089, -30.1682,33.7097,30.5756
sensor, -0.2996,-0.0636,0.2684, 0.0211,0.0208,-0.0645, -0.4942,-0.4729,-0.1718,0.7090, -30.8670,35.8047,29.8950
sensor, -0.3097,-0.0461,0.2762, 0.0211,0.0048,-0.0624, -0.4942,-0.4729,-0.1718,0.7090, -30.8670,35.8047,29.8950
sensor, -0.3397,-0.0358,0.2855, 0.0211,-0.0079,-0.0549, -0.4946,-0.4723,-0.1726,0.7089, -30.8670,35.8047,29.8950
sensor, -0.4016,-0.0119,0.2915, 0.0222,-0.0239,-0.0464, -0.4945,-0.4721,-0.1728,0.7090, -30.8670,35.8047,29.8950
sensor, -0.4843,0.0097,0.3064, 0.0222,-0.0239,-0.0464, -0.4945,-0.4721,-0.1728,0.7090, -28.0731,34.4086,30.5756
sensor, -0.5398,0.0423,0.3440, 0.0254,-0.0356,-0.0294, -0.4949,-0.4715,-0.1736,0.7090, -28.0731,34.4086,30.5756
sensor, -0.5820,0.0614,0.3228, 0.0254,-0.0356,-0.0294, -0.4949,-0.4715,-0.1736,0.7090, -28.0731,34.4086,30.5756
sensor, -0.6038,0.0425,0.3383, 0.0307,-0.0356,-0.0240, -0.4949,-0.4713,-0.1736,0.7091, -28.0731,34.4086,30.5756
sensor, -0.6458,0.0753,0.3028, 0.0339,-0.0314,-0.0176, -0.4949,-0.4712,-0.1736,0.7092, -28.0731,34.4086,30.5756
sensor, -0.6669,0.0522,0.3118, 0.0371,-0.0218,-0.0134, -0.4954,-0.4704,-0.1745,0.7091, -29.4693,35.1059,33.2947
sensor, -0.6287,0.0660,0.2782, 0.0456,-0.0133,-0.0113, -0.4954,-0.4701,-0.1746,0.7093, -29.4693,35.1059,33.2947
sensor, -0.5800,0.0453,0.2928, 0.0478,-0.0037,-0.0113, -0.4954,-0.4701,-0.1746,0.7093, -29.4693,35.1059,33.2947
sensor, -0.5224,-0.0362,0.2388, 0.0499,0.0038,-0.0102, -0.4957,-0.4693,-0.1752,0.7095, -29.4693,35.1059,33.2947
sensor, -0.4700,-0.0459,0.1929, 0.0510,0.0134,-0.0166, -0.4957,-0.4693,-0.1752,0.7095, -29.4693,35.8047,30.5756
sensor, -0.4125,-0.0407,0.2084, 0.0510,0.0134,-0.0166, -0.4957,-0.4689,-0.1753,0.7097, -29.4693,35.8047,30.5756
sensor, -0.3890,-0.0836,0.1963, 0.0446,0.0080,-0.0166, -0.4957,-0.4689,-0.1753,0.7097, -29.4693,35.8047,30.5756
sensor, -0.3752,-0.0912,0.2356, 0.0414,0.0048,-0.0187, -0.4957,-0.4687,-0.1753,0.7098, -28.7704,37.2009,29.8950
sensor, -0.3465,-0.0994,0.1902, 0.0414,0.0048,-0.0187, -0.4959,-0.4683,-0.1757,0.7099, -28.7704,37.2009,29.8950
sensor, -0.3351,-0.1106,0.1809, 0.0382,-0.0005,-0.0187, -0.4959,-0.4682,-0.1757,0.7100, -28.7704,37.2009,29.8950
sensor, -0.3414,-0.1036,0.1919, 0.0371,-0.0090,-0.0176, -0.4959,-0.4681,-0.1758,0.7100, -28.7704,37.2009,29.8950
sensor, -0.3512,-0.1239,0.1937, 0.0350,-0.0165,-0.0155, -0.4959,-0.4679,-0.1758,0.7101, -29.4693,36.5036,31.2546
sensor, -0.3771,-0.1146,0.2156, 0.0265,-0.0260,-0.0123, -0.4963,-0.4673,-0.1763,0.7101, -29.4693,36.5036,31.2546
sensor, -0.3981,-0.1841,0.1756, 0.0201,-0.0292,-0.0091, -0.4964,-0.4671,-0.1763,0.7101, -29.4693,36.5036,31.2546
sensor, -0.4651,-0.1135,0.2435, 0.0201,-0.0292,-0.0091, -0.4965,-0.4670,-0.1763,0.7102, -29.4693,36.5036,31.2546
sensor, -0.4740,-0.1101,0.2044, 0.0158,-0.0314,-0.0091, -0.4965,-0.4670,-0.1763,0.7102, -30.8670,35.1059,31.2546
sensor, -0.5041,-0.0860,0.2426, 0.0094,-0.0282,-0.0059, -0.4971,-0.4663,-0.1771,0.7100, -30.8670,35.1059,31.2546
sensor, -0.5031,-0.0511,0.2566, 0.0020,-0.0282,-0.0049, -0.4972,-0.4661,-0.1772,0.7101, -30.8670,35.1059,31.2546
sensor, -0.5216,-0.0482,0.2785, -0.0002,-0.0207,-0.0059, -0.4973,-0.4659,-0.1772,0.7101, -30.8670,35.1059,31.2546
sensor, -0.5214,-0.0259,0.2387, -0.0012,-0.0154,-0.0070, -0.4974,-0.4657,-0.1773,0.7102, -27.3743,35.1059,30.5756
sensor, -0.4983,-0.0047,0.2389, -0.0002,-0.0090,-0.0091, -0.4978,-0.4652,-0.1778,0.7101, -27.3743,35.1059,30.5756
sensor, -0.4434,-0.0062,0.2622, 0.0030,-0.0026,-0.0102, -0.4978,-0.4650,-0.1779,0.7101, -27.3743,35.1059,30.5756
sensor, -0.3768,0.0061,0.2337, 0.0052,-0.0005,-0.0123, -0.4979,-0.4648,-0.1779,0.7102, -27.3743,35.1059,30.5756
sensor, -0.3660,0.0099,0.1865, 0.0052,-0.0005,-0.0123, -0.4979,-0.4647,-0.1780,0.7103, -30.8670,35.8047,30.5756
sensor, -0.3290,0.0124,0.1826, 0.0062,-0.0037,-0.0176, -0.4984,-0.4640,-0.1788,0.7102, -30.8670,35.8047,30.5756
sensor, -0.2968,-0.0149,0.1780, 0.0062,-0.0037,-0.0176, -0.4984,-0.4640,-0.1788,0.7102, -30.8670,35.8047,30.5756
sensor, -0.2960,-0.0212,0.2000, 0.0052,-0.0090,-0.0187, -0.4984,-0.4639,-0.1788,0.7102, -30.8670,35.8047,30.5756
sensor, -0.2995,-0.0003,0.1663, 0.0030,-0.0175,-0.0187, -0.4984,-0.4638,-0.1789,0.7103, -30.1682,35.8047,31.9351
sensor, -0.2922,-0.0106,0.2183, 0.0030,-0.0250,-0.0187, -0.4989,-0.4631,-0.1797,0.7101, -30.1682,35.8047,31.9351
sensor, -0.3091,-0.0096,0.1811, 0.0030,-0.0250,-0.0187, -0.4989,-0.4631,-0.1797,0.7101, -30.1682,35.8047,31.9351
sensor, -0.3600,0.0095,0.2220, 0.0030,-0.0292,-0.0209, -0.4990,-0.4630,-0.1798,0.7102, -30.1682,35.8047,31.9351
sensor, -0.3912,0.0082,0.1731, 0.0052,-0.0324,-0.0230, -0.4990,-0.4630,-0.1798,0.7102, -29.4693,35.8047,31.2546
sensor, -0.3970,0.0161,0.2265, 0.0062,-0.0292,-0.0219, -0.4994,-0.4624,-0.1804,0.7101, -29.4693,35.8047,31.2546
sensor, -0.3936,0.0088,0.2088, 0.0083,-0.0271,-0.0240, -0.4994,-0.4624,-0.1804,0.7101, -29.4693,35.8047,31.2546
sensor, -0.3834,0.0157,0.1928, 0.0126,-0.0250,-0.0240, -0.4994,-0.4624,-0.1805,0.7101, -29.4693,35.8047,31.2546
sensor, -0.3687,-0.0078,0.1896, 0.0105,-0.0133,-0.0219, -0.4994,-0.4623,-0.1805,0.7102, -29.4693,35.8047,31.2546
sensor, -0.3651,-0.0342,0.1797, 0.0105,-0.0101,-0.0209, -0.4994,-0.4622,-0.1806,0.7102, -28.7704,35.8047,31.2546
sensor, -0.3357,-0.0013,0.2002, 0.0041,-0.0101,-0.0145, -0.4998,-0.4616,-0.1812,0.7102, -28.7704,35.8047,31.2546
sensor, -0.2695,0.0644,0.2228, 0.0041,-0.0101,-0.0145, -0.4998,-0.4616,-0.1812,0.7102, -28.7704,35.8047,31.2546
sensor, -0.2798,0.0504,0.2007, -0.0002,-0.0101,-0.0113, -0.5003,-0.4608,-0.1822,0.7100, -30.8670,34.4086,31.9351
sensor, -0.2519,0.0779,0.1543, -0.0012,-0.0218,-0.0049, -0.5003,-0.4608,-0.1822,0.7100, -30.8670,34.4086,31.9351
sensor, -0.2324,0.1150,0.2084, -0.0012,-0.0218,-0.0049, -0.5003,-0.4608,-0.1822,0.7100, -30.8670,34.4086,31.9351
sensor, -0.2869,0.1572,0.1824, 0.0030,-0.0292,0.0005, -0.5003,-0.4608,-0.1822,0.7100, -30.8670,34.4086,29.8950
sensor, -0.2815,0.1811,0.2199, 0.0094,-0.0388,0.0068, -0.5008,-0.4603,-0.1829,0.7099, -30.8670,34.4086,29.8950
sensor, -0.2798,0.1585,0.2064, 0.0094,-0.0388,0.0068, -0.5008,-0.4603,-0.1829,0.7099, -30.8670,34.4086,29.8950
sensor, -0.3421,0.1571,0.1964, 0.0233,-0.0473,0.0175, -0.5008,-0.4602,-0.1829,0.7099, -30.8670,34.4086,29.8950
sensor, -0.3691,0.1686,0.1749, 0.0233,-0.0473,0.0175, -0.5009,-0.4601,-0.1829,0.7099, -28.7704,36.5036,30.5756
sensor, -0.3969,0.1368,0.1874, 0.0329,-0.0473,0.0250, -0.5012,-0.4598,-0.1833,0.7098, -28.7704,36.5036,30.5756
sensor, -0.3649,0.1612,0.1406, 0.0403,-0.0410,0.0282, -0.5017,-0.4592,-0.1838,0.7097, -30.1682,36.5036,30.5756
sensor, -0.3495,0.0991,0.1889, 0.0424,-0.0399,0.0282, -0.5017,-0.4592,-0.1838,0.7097, -30.1682,36.5036,30.5756
sensor, -0.3507,0.0752,0.1704, 0.0435,-0.0356,0.0282, -0.5018,-0.4590,-0.1838,0.7098, -30.1682,36.5036,30.5756
sensor, -0.3312,0.0537,0.1862, 0.0435,-0.0356,0.0282, -0.5018,-0.4588,-0.1839,0.7098, -30.1682,36.5036,30.5756
sensor, -0.2938,0.0404,0.1681, 0.0403,-0.0346,0.0250, -0.5022,-0.4584,-0.1843,0.7097, -28.7704,37.2009,31.9351
sensor, -0.2889,0.0242,0.1550, 0.0414,-0.0335,0.0228, -0.5023,-0.4581,-0.1843,0.7098, -28.7704,37.2009,31.9351
sensor, -0.2914,0.0229,0.1433, 0.0403,-0.0324,0.0196, -0.5024,-0.4580,-0.1844,0.7098, -28.7704,37.2009,31.9351
sensor, -0.2753,0.0315,0.1356, 0.0392,-0.0335,0.0175, -0.5027,-0.4576,-0.1848,0.7098, -28.0731,36.5036,31.2546
sensor, -0.3083,-0.0005,0.1630, 0.0371,-0.0324,0.0175, -0.5028,-0.4574,-0.1848,0.7098, -28.0731,36.5036,31.2546
sensor, -0.3018,0.0155,0.1374, 0.0371,-0.0335,0.0186, -0.5028,-0.4574,-0.1848,0.7098, -28.0731,36.5036,31.2546
sensor, -0.3114,-0.0012,0.1284, 0.0350,-0.0356,0.0186, -0.5029,-0.4571,-0.1848,0.7099, -28.0731,36.5036,31.2546
sensor, -0.3428,0.0066,0.1310, 0.0371,-0.0335,0.0218, -0.5033,-0.4567,-0.1853,0.7098, -29.4693,36.5036,30.5756
sensor, -0.3362,0.0189,0.1350, 0.0350,-0.0314,0.0228, -0.5033,-0.4567,-0.1853,0.7098, -29.4693,36.5036,30.5756
sensor, -0.3373,-0.0068,0.1378, 0.0339,-0.0324,0.0239, -0.5035,-0.4564,-0.1853,0.7099, -29.4693,36.5036,30.5756
sensor, -0.3405,0.0018,0.1353, 0.0339,-0.0260,0.0260, -0.5036,-0.4562,-0.1853,0.7099, -29.4693,36.5036,30.5756
sensor, -0.3024,-0.0050,0.1295, 0.0329,-0.0239,0.0250, -0.5039,-0.4558,-0.1857,0.7098, -28.7704,37.2009,31.2546
sensor, -0.3212,-0.0370,0.1410, 0.0318,-0.0218,0.0271, -0.5039,-0.4558,-0.1857,0.7098, -28.7704,37.2009,31.2546
sensor, -0.2986,-0.0316,0.1070, 0.0307,-0.0165,0.0260, -0.5041,-0.4554,-0.1857,0.7099, -28.7704,37.2009,31.2546
sensor, -0.3112,-0.0497,0.1482, 0.0275,-0.0165,0.0260, -0.5043,-0.4552,-0.1858,0.7100, -28.7704,37.2009,31.2546
sensor, -0.2730,0.0060,0.1028, 0.0275,-0.0165,0.0260, -0.5045,-0.4548,-0.1861,0.7099, -28.7704,37.2009,30.5756
sensor, -0.3104,0.0005,0.1353, 0.0243,-0.0165,0.0271, -0.5045,-0.4548,-0.1861,0.7099, -28.7704,37.2009,30.5756
sensor, -0.2706,0.0096,0.1362, 0.0190,-0.0175,0.0292, -0.5046,-0.4546,-0.1861,0.7100, -28.7704,37.2009,30.5756
sensor, -0.2825,0.0484,0.1236, 0.0190,-0.0186,0.0292, -0.5047,-0.4544,-0.1861,0.7100, -28.7704,37.2009,30.5756
sensor, -0.2880,0.0396,0.1587, 0.0158,-0.0196,0.0313, -0.5048,-0.4543,-0.1862,0.7100, -28.7704,35.8047,30.5756
sensor, -0.3124,0.0550,0.1264, 0.0169,-0.0133,0.0324, -0.5053,-0.4536,-0.1866,0.7100, -28.7704,35.8047,30.5756
sensor, -0.3193,0.0701,0.1616, 0.0222,-0.0090,0.0335, -0.5054,-0.4534,-0.1867,0.7100, -28.7704,35.8047,30.5756
sensor, -0.3387,0.1113,0.1349, 0.0254,-0.0058,0.0324, -0.5054,-0.4534,-0.1867,0.7100, -28.7704,35.8047,30.5756
sensor, -0.2683,0.0706,0.1568, 0.0318,-0.0015,0.0335, -0.5055,-0.4532,-0.1867,0.7101, -28.0731,36.5036,30.5756
sensor, -0.2881,0.1028,0.1174, 0.0371,-0.0005,0.0303, -0.5057,-0.4528,-0.1871,0.7101, -28.0731,36.5036,30.5756
sensor, -0.2583,0.1091,0.1404, 0.0371,0.0006,0.0271, -0.5057,-0.4527,-0.1870,0.7102, -28.0731,36.5036,30.5756
sensor, -0.2449,0.0977,0.1224, 0.0371,0.0006,0.0271, -0.5056,-0.4526,-0.1870,0.7103, -28.0731,36.5036,30.5756
sensor, -0.2150,0.0407,0.1121, 0.0424,0.0006,0.0228, -0.5056,-0.4525,-0.1869,0.7104, -30.1682,38.5986,31.2546
sensor, -0.1824,0.0294,0.1106, 0.0478,-0.0005,0.0186, -0.5057,-0.4523,-0.1871,0.7104, -30.1682,38.5986,31.2546
sensor, -0.1764,0.0300,0.0741, 0.0488,-0.0015,0.0122, -0.5057,-0.4522,-0.1871,0.7105, -30.1682,38.5986,31.2546
sensor, -0.2310,-0.0089,0.0962, 0.0488,-0.0026,0.0100, -0.5056,-0.4522,-0.1870,0.7106, -30.1682,38.5986,31.2546
sensor, -0.2471,0.0164,0.0929, 0.0478,-0.0047,0.0047, -0.5056,-0.4521,-0.1870,0.7107, -29.4693,36.5036,30.5756
sensor, -0.2654,0.0055,0.1088, 0.0456,-0.0015,0.0026, -0.5057,-0.4517,-0.1873,0.7108, -29.4693,36.5036,30.5756
sensor, -0.3151,-0.0148,0.1253, 0.0467,0.0027,0.0026, -0.5057,-0.4517,-0.1873,0.7108, -29.4693,36.5036,30.5756
sensor, -0.3448,-0.0326,0.1248, 0.0446,0.0091,0.0005, -0.5057,-0.4515,-0.1873,0.7109, -29.4693,36.5036,30.5756
sensor, -0.3237,0.0106,0.1482, 0.0467,0.0123,0.0015, -0.5058,-0.4511,-0.1875,0.7110, -29.4693,37.8998,29.8950
sensor, -0.3763,0.0004,0.1364, 0.0467,0.0187,0.0047, -0.5058,-0.4511,-0.1875,0.7110, -29.4693,37.8998,29.8950
sensor, -0.3337,-0.0126,0.1622, 0.0435,0.0283,0.0058, -0.5057,-0.4508,-0.1875,0.7113, -29.4693,37.8998,29.8950
sensor, -0.3129,-0.0041,0.1328, 0.0435,0.0347,0.0058, -0.5057,-0.4508,-0.1875,0.7113, -29.4693,37.8998,29.8950
sensor, -0.2836,-0.0101,0.1209, 0.0414,0.0389,0.0037, -0.5057,-0.4506,-0.1875,0.7114, -29.4693,35.1059,30.5756
sensor, -0.2394,-0.0213,0.1500, 0.0435,0.0432,0.0037, -0.5060,-0.4500,-0.1880,0.7114, -29.4693,35.1059,30.5756
sensor, -0.1716,-0.0001,0.1263, 0.0467,0.0443,0.0037, -0.5059,-0.4499,-0.1881,0.7116, -29.4693,35.1059,30.5756
sensor, -0.1348,-0.0218,0.1247, 0.0456,0.0432,0.0037, -0.5058,-0.4497,-0.1881,0.7117, -29.4693,35.1059,30.5756
sensor, -0.1216,-0.0107,0.0813, 0.0456,0.0432,0.0037, -0.5057,-0.4496,-0.1881,0.7119, -29.4693,35.8047,30.5756
sensor, -0.0931,-0.0255,0.0984, 0.0467,0.0315,0.0026, -0.5059,-0.4491,-0.1886,0.7119, -29.4693,35.8047,30.5756
sensor, -0.0569,-0.0791,0.1005, 0.0446,0.0262,0.0015, -0.5059,-0.4490,-0.1886,0.7120, -29.4693,35.8047,30.5756
sensor, -0.0278,-0.0308,0.0626, 0.0446,0.0262,0.0015, -0.5057,-0.4489,-0.1886,0.7122, -29.4693,35.8047,30.5756
sensor, -0.0341,-0.0951,0.0801, 0.0414,0.0166,0.0005, -0.5057,-0.4489,-0.1886,0.7122, -29.4693,37.8998,30.5756
sensor, -0.0477,-0.1043,0.0993, 0.0360,0.0038,0.0005, -0.5058,-0.4486,-0.1888,0.7122, -29.4693,37.8998,30.5756
sensor, -0.0436,-0.1005,0.0741, 0.0360,0.0038,0.0005, -0.5058,-0.4485,-0.1888,0.7123, -29.4693,37.8998,30.5756
sensor, -0.1205,-0.0623,0.0868, 0.0254,-0.0101,-0.0113, -0.5057,-0.4485,-0.1888,0.7124, -29.4693,37.8998,30.5756
sensor, -0.1233,-0.0694,0.0785, 0.0222,-0.0111,-0.0134, -0.5057,-0.4485,-0.1888,0.7124, -28.0731,37.8998,31.9351
sensor, -0.1702,-0.0539,0.1032, 0.0222,-0.0111,-0.0134, -0.5058,-0.4483,-0.1890,0.7124, -28.0731,37.8998,31.9351
sensor, -0.1996,-0.0730,0.1359, 0.0169,-0.0069,-0.0166, -0.5058,-0.4482,-0.1890,0.7124, -28.0731,37.8998,31.9351
sensor, -0.2219,-0.0364,0.1623, 0.0126,0.0006,-0.0155, -0.5058,-0.4482,-0.1891,0.7124, -28.0731,37.8998,31.9351
sensor, -0.2576,0.0014,0.1260, 0.0116,0.0017,-0.0145, -0.5058,-0.4481,-0.1891,0.7125, -30.8670,36.5036,31.9351
sensor, -0.2241,-0.0046,0.1383, 0.0116,0.0017,-0.0145, -0.5061,-0.4476,-0.1897,0.7124, -30.8670,36.5036,31.9351
sensor, -0.2171,0.0080,0.1090, 0.0116,0.0070,-0.0134, -0.5061,-0.4475,-0.1898,0.7125, -30.8670,36.5036,31.9351
sensor, -0.1952,-0.0003,0.1341, 0.0147,0.0112,-0.0155, -0.5061,-0.4474,-0.1899,0.7125, -30.1682,35.8047,29.8950
sensor, -0.1410,0.0108,0.1121, 0.0147,0.0112,-0.0155, -0.5063,-0.4470,-0.1904,0.7125, -30.1682,35.8047,29.8950
sensor, -0.1560,0.0072,0.1013, 0.0158,0.0134,-0.0176, -0.5063,-0.4469,-0.1904,0.7125, -30.1682,35.8047,29.8950
sensor, -0.1288,0.0151,0.0969, 0.0137,0.0112,-0.0166, -0.5062,-0.4469,-0.1905,0.7126, -28.7704,37.2009,30.5756
sensor, -0.1701,0.0132,0.1320, 0.0116,0.0048,-0.0176, -0.5063,-0.4466,-0.1908,0.7126, -28.7704,37.2009,30.5756
sensor, -0.1745,-0.0005,0.0822, 0.0094,0.0070,-0.0166, -0.5062,-0.4466,-0.1908,0.7126, -28.7704,37.2009,30.5756
sensor, -0.1930,0.0265,0.0851, 0.0116,0.0059,-0.0145, -0.5064,-0.4463,-0.1912,0.7126, -28.0731,36.5036,30.5756
sensor, -0.1938,0.0182,0.0956, 0.0116,0.0102,-0.0155, -0.5064,-0.4463,-0.1912,0.7126, -28.0731,36.5036,30.5756
sensor, -0.1952,0.0448,0.0980, 0.0116,0.0102,-0.0155, -0.5063,-0.4462,-0.1913,0.7127, -28.0731,36.5036,30.5756
sensor, -0.1749,0.0331,0.1023, 0.0126,0.0144,-0.0145, -0.5063,-0.4462,-0.1913,0.7127, -28.7704,35.8047,31.2546
sensor, -0.1925,0.0036,0.1226, 0.0126,0.0187,-0.0187, -0.5065,-0.4457,-0.1918,0.7128, -28.7704,35.8047,31.2546
sensor, -0.1625,0.0351,0.0837, 0.0126,0.0187,-0.0187, -0.5065,-0.4457,-0.1918,0.7128, -28.7704,35.8047,31.2546
sensor, -0.1985,0.0684,0.0836, 0.0137,0.0198,-0.0187, -0.5064,-0.4457,-0.1919,0.7128, -28.7704,35.8047,31.2546
sensor, -0.1694,0.0475,0.1086, 0.0169,0.0198,-0.0219, -0.5064,-0.4456,-0.1919,0.7129, -29.4693,37.8998,31.9351
sensor, -0.1458,0.0696,0.0771, 0.0222,0.0219,-0.0283, -0.5065,-0.4454,-0.1923,0.7129, -29.4693,37.8998,31.9351
sensor, -0.1274,0.0474,0.0872, 0.0233,0.0219,-0.0283, -0.5064,-0.4453,-0.1923,0.7129, -29.4693,37.8998,31.9351
sensor, -0.1045,0.0413,0.0726, 0.0233,0.0219,-0.0283, -0.5063,-0.4453,-0.1924,0.7130, -29.4693,37.8998,31.9351
sensor, -0.0880,0.0464,0.0858, 0.0254,0.0176,-0.0315, -0.5062,-0.4453,-0.1924,0.7131, -30.1682,36.5036,30.5756
sensor, -0.1400,0.0088,0.0682, 0.0233,0.0155,-0.0326, -0.5063,-0.4450,-0.1929,0.7130, -30.1682,36.5036,30.5756
sensor, -0.1088,0.0177,0.0451, 0.0233,0.0155,-0.0326, -0.5062,-0.4450,-0.1929,0.7131, -30.1682,36.5036,30.5756
sensor, -0.1166,0.0162,0.0563, 0.0243,0.0134,-0.0336, -0.5061,-0.4450,-0.1930,0.7131, -30.1682,36.5036,30.5756
sensor, -0.1176,-0.0154,0.0378, 0.0211,0.0091,-0.0326, -0.5060,-0.4450,-0.1930,0.7132, -30.1682,37.2009,29.8950
sensor, -0.1204,-0.0050,0.0905, 0.0201,0.0059,-0.0315, -0.5062,-0.4448,-0.1933,0.7131, -30.1682,37.2009,29.8950
sensor, -0.1597,0.0046,0.0667, 0.0201,0.0059,-0.0326, -0.5061,-0.4448,-0.1934,0.7132, -30.1682,37.2009,29.8950
sensor, -0.1642,0.0074,0.1152, 0.0222,0.0070,-0.0326, -0.5059,-0.4448,-0.1935,0.7133, -30.1682,37.2009,29.8950
sensor, -0.2030,0.0212,0.1116, 0.0201,0.0070,-0.0315, -0.5059,-0.4448,-0.1935,0.7133, -30.1682,35.1059,27.8564
sensor, -0.2127,0.0186,0.1006, 0.0211,0.0091,-0.0294, -0.5061,-0.4445,-0.1939,0.7132, -30.1682,35.1059,27.8564
sensor, -0.1935,0.0401,0.0898, 0.0211,0.0091,-0.0294, -0.5060,-0.4444,-0.1939,0.7133, -30.1682,35.1059,27.8564
sensor, -0.1807,0.0184,0.1377, 0.0243,0.0155,-0.0283, -0.5060,-0.4444,-0.1940,0.7134, -30.1682,35.1059,27.8564
sensor, -0.1786,0.0331,0.1082, 0.0254,0.0187,-0.0272, -0.5059,-0.4443,-0.1941,0.7134, -29.4693,35.8047,30.5756
sensor, -0.1560,0.0169,0.1400, 0.0254,0.0198,-0.0251, -0.5060,-0.4440,-0.1945,0.7134, -29.4693,35.8047,30.5756
sensor, -0.1571,0.0195,0.1215, 0.0254,0.0187,-0.0272, -0.5060,-0.4439,-0.1946,0.7135, -29.4693,35.8047,30.5756
sensor, -0.1134,0.0086,0.1375, 0.0275,0.0176,-0.0283, -0.5059,-0.4439,-0.1947,0.7136, -29.4693,35.8047,30.5756
sensor, -0.0899,-0.0012,0.1376, 0.0275,0.0176,-0.0283, -0.5058,-0.4438,-0.1947,0.7136, -30.1682,35.8047,29.2160
sensor, -0.0900,-0.0100,0.1016, 0.0265,0.0176,-0.0262, -0.5059,-0.4435,-0.1952,0.7136, -30.1682,35.8047,29.2160
sensor, -0.0905,-0.0396,0.0999, 0.0254,0.0144,-0.0272, -0.5058,-0.4435,-0.1952,0.7137, -30.1682,35.8047,29.2160
sensor, -0.0758,-0.0092,0.0834, 0.0254,0.0144,-0.0272, -0.5058,-0.4434,-0.1953,0.7138, -30.1682,35.8047,29.2160
sensor, -0.0530,-0.0227,0.0799, 0.0233,0.0134,-0.0262, -0.5057,-0.4434,-0.1953,0.7138, -30.1682,36.5036,30.5756
sensor, -0.0580,-0.0338,0.0641, 0.0179,0.0112,-0.0294, -0.5058,-0.4431,-0.1958,0.7138, -30.1682,36.5036,30.5756
sensor, -0.0398,-0.0332,0.0870, 0.0179,0.0112,-0.0294, -0.5057,-0.4431,-0.1958,0.7138, -30.1682,36.5036,30.5756
sensor, -0.0441,-0.0624,0.0742, 0.0158,0.0070,-0.0283, -0.5056,-0.4431,-0.1959,0.7139, -30.1682,36.5036,30.5756
sensor, -0.0679,-0.0337,0.0697, 0.0116,0.0048,-0.0304, -0.5056,-0.4431,-0.1959,0.7139, -28.7704,36.5036,29.8950
sensor, -0.0669,-0.0351,0.0536, 0.0062,-0.0015,-0.0294, -0.5057,-0.4430,-0.1961,0.7138, -28.7704,36.5036,29.8950
sensor, -0.0843,0.0101,0.1128, 0.0062,-0.0037,-0.0272, -0.5057,-0.4430,-0.1961,0.7139, -28.7704,36.5036,29.8950
sensor, -0.0839,0.0198,0.0818, 0.0052,-0.0026,-0.0240, -0.5056,-0.4430,-0.1961,0.7139, -28.7704,36.5036,29.8950
sensor, -0.1161,0.0321,0.1072, 0.0052,-0.0026,-0.0240, -0.5055,-0.4430,-0.1962,0.7139, -29.4693,36.5036,29.8950
sensor, -0.1061,0.0560,0.1584, 0.0062,-0.0015,-0.0198, -0.5056,-0.4428,-0.1965,0.7139, -29.4693,36.5036,29.8950
sensor, -0.1222,0.0495,0.1447, 0.0062,-0.0015,-0.0198, -0.5056,-0.4428,-0.1965,0.7139, -29.4693,36.5036,29.8950
sensor, -0.0958,0.0399,0.1421, 0.0094,0.0006,-0.0166, -0.5055,-0.4428,-0.1966,0.7140, -29.4693,36.5036,29.8950
sensor, -0.0834,0.0836,0.1360, 0.0116,-0.0037,-0.0113, -0.5056,-0.4425,-0.1969,0.7140, -29.4693,36.5036,30.5756
sensor, -0.0963,0.0715,0.1059, 0.0126,-0.0037,-0.0102, -0.5055,-0.4425,-0.1970,0.7140, -29.4693,36.5036,30.5756
sensor, -0.0908,0.0870,0.1095, 0.0126,-0.0037,-0.0102, -0.5055,-0.4425,-0.1970,0.7140, -29.4693,36.5036,30.5756
sensor, -0.1132,0.0929,0.0798, 0.0201,-0.0058,-0.0102, -0.5054,-0.4425,-0.1970,0.7141, -29.4693,36.5036,30.5756
